rsn,eqid,ssn,eqX,eqY,staX,staY,zoneUTM,dc_0_mean,Lc_ca_mean,dc_0_med,Lc_ca_med,dc_0_unc,Lc_ca_unc
1,38,0,292.2609771757026,3909.816818957042,128.51496790687293,3913.739001202812,54.0,0.08630086574955662,-0.5120484927344664,0.08584600429574954,-0.507721199119092,0.015436846713166804,0.19505365404153385
2,25,0,264.330530090726,3842.899620060988,128.51496790687293,3913.739001202812,54.0,0.08630086574955662,-0.555350697414131,0.08584600429574954,-0.5528514116967823,0.015436846713166804,0.19355548509927856
3,53,1,275.4374088407163,3843.51011953928,154.50504546553583,3901.5896026139903,54.0,0.08630086574955662,-0.41819493446466177,0.08584600429574954,-0.4141645293933235,0.015436846713166804,0.154522953018271
4,38,1,292.2609771757026,3909.816818957042,154.50504546553583,3901.5896026139903,54.0,0.08630086574955662,-0.4154345395222137,0.08584600429574954,-0.4114376463516345,0.015436846713166804,0.16002675246384035
5,25,1,264.330530090726,3842.899620060988,154.50504546553583,3901.5896026139903,54.0,0.08630086574955662,-0.43881976969432135,0.08584600429574954,-0.4366058790305136,0.015436846713166804,0.15339771528464147
6,38,2,292.2609771757026,3909.816818957042,182.17667623346983,3902.5741380529994,54.0,0.08630086574955662,-0.3257576442265356,0.08584600429574954,-0.3227246575109745,0.015436846713166804,0.1259164745248421
7,28,2,181.0656949265822,4007.0767963031503,182.17667623346983,3902.5741380529994,54.0,0.08630086574955662,-0.47493808959772466,0.08584600429574954,-0.471550476311899,0.015436846713166804,0.1322900945365777
8,25,2,264.330530090726,3842.899620060988,182.17667623346983,3902.5741380529994,54.0,0.08630086574955662,-0.2527839027668218,0.08584600429574954,-0.24868974076550798,0.015436846713166804,0.11132793255169006
9,53,2,275.4374088407163,3843.51011953928,182.17667623346983,3902.5741380529994,54.0,0.08630086574955662,-0.23174698210175962,0.08584600429574954,-0.22577256555289632,0.015436846713166804,0.1113956213355673
10,38,3,292.2609771757026,3909.816818957042,187.83731878982752,3889.567114997888,54.0,0.08630086574955662,-0.2804161705099314,0.08584600429574954,-0.27586123625500064,0.015436846713166804,0.10925776117490257
11,25,3,264.330530090726,3842.899620060988,187.83731878982752,3889.567114997888,54.0,0.08630086574955662,-0.25881325221836093,0.08584600429574954,-0.2559732475962158,0.015436846713166804,0.10227623864770453
12,25,4,264.330530090726,3842.899620060988,143.10717359488643,3838.030342010029,54.0,0.08630086574955662,-0.8418283092781669,0.08584600429574954,-0.8420595696878126,0.015436846713166804,0.17072359774739612
13,21,5,103.34699834515416,4117.964937310308,139.77999744006962,3872.595402570746,54.0,0.08630086574955662,-0.9148125756659413,0.08584600429574954,-0.9029702202091602,0.015436846713166804,0.33184023112708116
14,18,5,97.03457460542091,3675.453369364249,139.77999744006962,3872.595402570746,54.0,0.08630086574955662,-0.5896608482777518,0.08584600429574954,-0.5704263105823626,0.015436846713166804,0.2610542884719338
15,18,6,81.55980152094574,3678.88477611573,123.08297592290974,3868.4555154718055,54.0,0.08630086574955662,-0.46199769358469345,0.08584600429574954,-0.44374001298293514,0.015436846713166804,0.23964880405040306
16,25,6,264.330530090726,3842.899620060988,123.08297592290974,3868.4555154718055,54.0,0.08630086574955662,-0.78434872144698,0.08584600429574954,-0.7861601747263008,0.015436846713166804,0.19525976657035943
17,21,6,103.34699834515416,4117.964937310308,123.08297592290974,3868.4555154718055,54.0,0.08630086574955662,-0.9619295237669939,0.08584600429574954,-0.9515872244436595,0.015436846713166804,0.3473803889790538
18,38,7,292.2609771757026,3909.816818957042,137.03362976716522,3837.5668472098328,54.0,0.08630086574955662,-0.6461830483072837,0.08584600429574954,-0.6386352670556277,0.015436846713166804,0.1840816531113476
19,25,7,264.330530090726,3842.899620060988,137.03362976716522,3837.5668472098328,54.0,0.08630086574955662,-0.8716109835063809,0.08584600429574954,-0.8714186976628603,0.015436846713166804,0.179799249943043
20,18,7,101.67141511603498,3674.484805454924,137.03362976716522,3837.5668472098328,54.0,0.08630086574955662,-0.4532335222117969,0.08584600429574954,-0.43456761897327206,0.015436846713166804,0.21615109724385095
21,38,8,292.2609771757026,3909.816818957042,172.65571807246388,3903.30306557218,54.0,0.08630086574955662,-0.3518793453829732,0.08584600429574954,-0.3484646767381805,0.015436846713166804,0.13714398205078476
22,25,8,264.330530090726,3842.899620060988,172.65571807246388,3903.30306557218,54.0,0.08630086574955662,-0.30983078144174614,0.08584600429574954,-0.3070458232085129,0.015436846713166804,0.1247703742187873
23,18,8,122.91219023912598,3669.973659608032,172.65571807246388,3903.30306557218,54.0,0.08630086574955662,-0.9944828875392131,0.08584600429574954,-0.9857502537146153,0.015436846713166804,0.33947860368298044
24,18,9,119.10864313893713,3670.787988011353,161.89050717369193,3870.304886320098,54.0,0.08630086574955662,-0.7914256429958637,0.08584600429574954,-0.7811525432920526,0.015436846713166804,0.28636329251040177
25,18,10,126.52937545907687,3669.1679992851136,169.18230311230798,3841.7481574939534,54.0,0.08630086574955662,-0.7184431353820329,0.08584600429574954,-0.7144928047530101,0.015436846713166804,0.26028886144227364
26,53,10,275.4374088407163,3843.51011953928,169.18230311230798,3841.7481574939534,54.0,0.08630086574955662,-0.7245508418426204,0.08584600429574954,-0.7250853875675093,0.015436846713166804,0.14962687064771482
27,25,10,264.330530090726,3842.899620060988,169.18230311230798,3841.7481574939534,54.0,0.08630086574955662,-0.6760592671245522,0.08584600429574954,-0.6767394596302548,0.015436846713166804,0.1330705813577847
28,38,10,292.2609771757026,3909.816818957042,169.18230311230798,3841.7481574939534,54.0,0.08630086574955662,-0.4996502580591474,0.08584600429574954,-0.493292365507707,0.015436846713166804,0.1410734295326016
29,38,11,292.2609771757026,3909.816818957042,191.90109938987828,3878.2746935665655,54.0,0.08630086574955662,-0.21961816431563272,0.08584600429574954,-0.21260787504967932,0.015436846713166804,0.09501590832901373
30,53,11,275.4374088407163,3843.51011953928,191.90109938987828,3878.2746935665655,54.0,0.08630086574955662,-0.2880220012695566,0.08584600429574954,-0.28518671949661173,0.015436846713166804,0.10268008611995315
31,25,11,264.330530090726,3842.899620060988,191.90109938987828,3878.2746935665655,54.0,0.08630086574955662,-0.2859176378640872,0.08584600429574954,-0.28425253892966984,0.015436846713166804,0.09796854236271235
32,18,11,126.52937545907687,3669.1679992851136,191.90109938987828,3878.2746935665655,54.0,0.08630086574955662,-1.0202266220519451,0.08584600429574954,-1.017881190360973,0.015436846713166804,0.3178597037245561
33,25,12,264.330530090726,3842.899620060988,141.44423435963492,3914.1041134189504,54.0,0.08630086574955662,-0.47236218776552974,0.08584600429574954,-0.46957510098599503,0.015436846713166804,0.17246901000084347
34,38,13,292.2609771757026,3909.816818957042,143.62984271407734,3856.494018898308,54.0,0.08630086574955662,-0.5172442078640512,0.08584600429574954,-0.510112593358376,0.015436846713166804,0.1651684606374268
35,53,13,275.4374088407163,3843.51011953928,143.62984271407734,3856.494018898308,54.0,0.08630086574955662,-0.7816553270255495,0.08584600429574954,-0.7829460921603407,0.015436846713166804,0.18206098324818706
36,25,13,264.330530090726,3842.899620060988,143.62984271407734,3856.494018898308,54.0,0.08630086574955662,-0.7636839665545297,0.08584600429574954,-0.765017971067891,0.015436846713166804,0.16707836592504965
37,18,13,104.17458112864377,3673.9383146686832,143.62984271407734,3856.494018898308,54.0,0.08630086574955662,-0.5592008883889839,0.08584600429574954,-0.5401919134410872,0.015436846713166804,0.24799187542149398
38,28,14,181.0656949265822,4007.0767963031503,140.03220610245066,3900.631536167624,54.0,0.08630086574955662,-0.42351059105890204,0.08584600429574954,-0.42168926972585696,0.015436846713166804,0.1506433236828476
39,38,14,292.2609771757026,3909.816818957042,140.03220610245066,3900.631536167624,54.0,0.08630086574955662,-0.46906883244747366,0.08584600429574954,-0.4648383498722068,0.015436846713166804,0.17945686026932817
40,18,14,91.38061998577184,3676.689171757528,140.03220610245066,3900.631536167624,54.0,0.08630086574955662,-0.6596314527713046,0.08584600429574954,-0.6402204051781367,0.015436846713166804,0.2938361899745895
41,21,15,103.34699834515416,4117.964937310308,166.13464768580218,3894.629348195649,54.0,0.08630086574955662,-0.7417677359623385,0.08584600429574954,-0.7311532865789728,0.015436846713166804,0.29398754729953397
42,38,15,292.2609771757026,3909.816818957042,166.13464768580218,3894.629348195649,54.0,0.08630086574955662,-0.41176980907217997,0.08584600429574954,-0.41024861892301934,0.015436846713166804,0.14894687939531923
43,25,15,264.330530090726,3842.899620060988,166.13464768580218,3894.629348195649,54.0,0.08630086574955662,-0.3860113213700398,0.08584600429574954,-0.3846244081556853,0.015436846713166804,0.13533048853551977
44,53,15,275.4374088407163,3843.51011953928,166.13464768580218,3894.629348195649,54.0,0.08630086574955662,-0.37031982826096943,0.08584600429574954,-0.3671987585373305,0.015436846713166804,0.137188771623957
45,18,15,118.27240388292726,3670.9317607653247,166.13464768580218,3894.629348195649,54.0,0.08630086574955662,-0.8974113335404379,0.08584600429574954,-0.8852901538039982,0.015436846713166804,0.3206387935889534
46,28,15,181.0656949265822,4007.0767963031503,166.13464768580218,3894.629348195649,54.0,0.08630086574955662,-0.48961368784672543,0.08584600429574954,-0.4867212146659978,0.015436846713166804,0.14528089937170888
47,38,16,292.2609771757026,3909.816818957042,184.34237201585265,3895.6542281596544,54.0,0.08630086574955662,-0.33388504454205925,0.08584600429574954,-0.3320254038984611,0.015436846713166804,0.12424789557275989
48,18,16,126.52937545907687,3669.1679992851136,184.34237201585265,3895.6542281596544,54.0,0.08630086574955662,-1.019210927254493,0.08584600429574954,-1.017224099710813,0.015436846713166804,0.3349173505237316
49,21,16,103.34699834515416,4117.964937310308,184.34237201585265,3895.6542281596544,54.0,0.08630086574955662,-0.6663069919163889,0.08584600429574954,-0.6566851345606031,0.015436846713166804,0.2907190555349756
50,28,16,181.0656949265822,4007.0767963031503,184.34237201585265,3895.6542281596544,54.0,0.08630086574955662,-0.4981015560407792,0.08584600429574954,-0.49489478459708147,0.015436846713166804,0.14081487483064295
51,53,16,275.4374088407163,3843.51011953928,184.34237201585265,3895.6542281596544,54.0,0.08630086574955662,-0.2444590131150442,0.08584600429574954,-0.23960174935686737,0.015436846713166804,0.10885729095264564
52,25,16,264.330530090726,3842.899620060988,184.34237201585265,3895.6542281596544,54.0,0.08630086574955662,-0.261719356845619,0.08584600429574954,-0.2586074878012913,0.015436846713166804,0.10756796101843544
53,38,17,292.2609771757026,3909.816818957042,201.93033620389085,3898.3572697427626,54.0,0.08630086574955662,-0.2718753046317515,0.08584600429574954,-0.26916938227489845,0.015436846713166804,0.10264041879435587
54,31,17,286.22286085268047,4096.016113555928,201.93033620389085,3898.3572697427626,54.0,0.08630086574955662,-0.8398625769375571,0.08584600429574954,-0.8320483908428872,0.015436846713166804,0.26823165572037266
55,25,17,264.330530090726,3842.899620060988,201.93033620389085,3898.3572697427626,54.0,0.08630086574955662,-0.15109276756242124,0.08584600429574954,-0.14472082502141512,0.015436846713166804,0.08209404287348887
56,53,17,275.4374088407163,3843.51011953928,201.93033620389085,3898.3572697427626,54.0,0.08630086574955662,-0.1452196996734486,0.08584600429574954,-0.13737391941559463,0.015436846713166804,0.08061071768189408
57,22,17,282.91308227706304,4129.966613278081,201.93033620389085,3898.3572697427626,54.0,0.08630086574955662,-0.7591763921669131,0.08584600429574954,-0.7495045150906746,0.015436846713166804,0.2879211299440674
58,28,17,181.0656949265822,4007.0767963031503,201.93033620389085,3898.3572697427626,54.0,0.08630086574955662,-0.49193842887332584,0.08584600429574954,-0.4883522897330027,0.015436846713166804,0.1392455806918432
59,21,17,103.34699834515416,4117.964937310308,201.93033620389085,3898.3572697427626,54.0,0.08630086574955662,-0.6884684530359405,0.08584600429574954,-0.6767525430041793,0.015436846713166804,0.2932179040966529
60,18,17,126.52937545907687,3669.1679992851136,201.93033620389085,3898.3572697427626,54.0,0.08630086574955662,-1.1110546173045794,0.08584600429574954,-1.1090742898667025,0.015436846713166804,0.3458039447093878
61,38,18,292.2609771757026,3909.816818957042,156.44613989927444,3875.4647167104135,54.0,0.08630086574955662,-0.38921471043655925,0.08584600429574954,-0.3829492828896843,0.015436846713166804,0.14667102510924954
62,25,18,264.330530090726,3842.899620060988,156.44613989927444,3875.4647167104135,54.0,0.08630086574955662,-0.5539020779224799,0.08584600429574954,-0.5534466673769556,0.015436846713166804,0.14581824184149922
63,18,18,112.80152619571466,3672.147380358592,156.44613989927444,3875.4647167104135,54.0,0.08630086574955662,-0.7325820769677407,0.08584600429574954,-0.7180541433703479,0.015436846713166804,0.2880769021860816
64,53,18,275.4374088407163,3843.51011953928,156.44613989927444,3875.4647167104135,54.0,0.08630086574955662,-0.5412143915227353,0.08584600429574954,-0.5393022066305261,0.015436846713166804,0.15685358599346383
65,21,18,103.34699834515416,4117.964937310308,156.44613989927444,3875.4647167104135,54.0,0.08630086574955662,-0.8800609746159377,0.08584600429574954,-0.8684567674802904,0.015436846713166804,0.3266682183176902
66,38,19,292.2609771757026,3909.816818957042,172.2658209063685,3873.515622530464,54.0,0.08630086574955662,-0.3113687549798104,0.08584600429574954,-0.30558609361791217,0.015436846713166804,0.12169082871750009
67,53,19,275.4374088407163,3843.51011953928,172.2658209063685,3873.515622530464,54.0,0.08630086574955662,-0.4444784457609962,0.08584600429574954,-0.4425558711071688,0.015436846713166804,0.13253772397164382
68,18,19,126.52937545907687,3669.1679992851136,172.2658209063685,3873.515622530464,54.0,0.08630086574955662,-0.9027878598505473,0.08584600429574954,-0.898249205681902,0.015436846713166804,0.3045155464398799
69,25,19,264.330530090726,3842.899620060988,172.2658209063685,3873.515622530464,54.0,0.08630086574955662,-0.45154917227191027,0.08584600429574954,-0.45099851202936536,0.015436846713166804,0.12256308030779992
70,18,20,126.52937545907687,3669.1679992851136,179.01893925451702,3867.320308590613,54.0,0.08630086574955662,-0.8980026659509385,0.08584600429574954,-0.8947595704368382,0.015436846713166804,0.29795096177546665
71,38,20,292.2609771757026,3909.816818957042,179.01893925451702,3867.320308590613,54.0,0.08630086574955662,-0.31264808101175945,0.08584600429574954,-0.30510680202007684,0.015436846713166804,0.11201406303909307
72,25,20,264.330530090726,3842.899620060988,179.01893925451702,3867.320308590613,54.0,0.08630086574955662,-0.4223970211415786,0.08584600429574954,-0.422195162579166,0.015436846713166804,0.1127631188199626
73,53,20,275.4374088407163,3843.51011953928,179.01893925451702,3867.320308590613,54.0,0.08630086574955662,-0.4130925153322013,0.08584600429574954,-0.41151175628001524,0.015436846713166804,0.12531605579287156
74,25,21,264.330530090726,3842.899620060988,128.10338903664118,3851.740618485764,54.0,0.08630086574955662,-0.9032063481019955,0.08584600429574954,-0.904194373752368,0.015436846713166804,0.19171509743010867
75,38,21,292.2609771757026,3909.816818957042,128.10338903664118,3851.740618485764,54.0,0.08630086574955662,-0.5893387626651563,0.08584600429574954,-0.5825504087005983,0.015436846713166804,0.18846395255931325
76,18,21,90.08282576534675,3676.9660011790647,128.10338903664118,3851.740618485764,54.0,0.08630086574955662,-0.427945609931839,0.08584600429574954,-0.408367520856618,0.015436846713166804,0.22013813543003222
77,53,22,275.4374088407163,3843.51011953928,174.16005358193937,3855.0147189033455,54.0,0.08630086574955662,-0.5847032522262778,0.08584600429574954,-0.586163646095672,0.015436846713166804,0.13788050036460475
78,25,22,264.330530090726,3842.899620060988,174.16005358193937,3855.0147189033455,54.0,0.08630086574955662,-0.5610027683800334,0.08584600429574954,-0.5625180092948546,0.015436846713166804,0.12239511952688896
79,38,22,292.2609771757026,3909.816818957042,174.16005358193937,3855.0147189033455,54.0,0.08630086574955662,-0.40232795059145915,0.08584600429574954,-0.3957833493615047,0.015436846713166804,0.12442174149492542
80,18,22,126.52937545907687,3669.1679992851136,174.16005358193937,3855.0147189033455,54.0,0.08630086574955662,-0.8135973721749804,0.08584600429574954,-0.809793262718587,0.015436846713166804,0.28089531550167096
81,30,23,625.9985091941669,4344.425799606012,478.15084649167727,4464.183681943689,54.0,0.08630086574955662,-0.5139003065468534,0.08584600429574954,-0.5015464672146285,0.015436846713166804,0.18762727952486827
82,32,23,334.71484028241383,4482.861045979598,478.15084649167727,4464.183681943689,54.0,0.08630086574955662,-0.46662116211444404,0.08584600429574954,-0.4617588636185983,0.015436846713166804,0.19145563993424505
83,23,23,492.6610906216525,4339.6404706179,478.15084649167727,4464.183681943689,54.0,0.08630086574955662,-0.7383449257750178,0.08584600429574954,-0.7377232469069557,0.015436846713166804,0.15387475009286922
84,30,24,625.9985091941669,4344.425799606012,463.0904010410905,4457.560365448071,54.0,0.08630086574955662,-0.566369619905053,0.08584600429574954,-0.5542645272806934,0.015436846713166804,0.20568644810062173
85,23,24,492.6610906216525,4339.6404706179,463.0904010410905,4457.560365448071,54.0,0.08630086574955662,-0.6045127772661619,0.08584600429574954,-0.602783028702274,0.015436846713166804,0.147782632098053
86,56,24,677.3923123197425,4458.591690875839,463.0904010410905,4457.560365448071,54.0,0.08630086574955662,-0.8091436512900269,0.08584600429574954,-0.8061490612006608,0.015436846713166804,0.26870811859230287
87,32,24,334.71484028241383,4482.861045979598,463.0904010410905,4457.560365448071,54.0,0.08630086574955662,-0.4131693297435839,0.08584600429574954,-0.408053044783298,0.015436846713166804,0.17254502202101907
88,23,25,492.6610906216525,4339.6404706179,437.3541612908576,4458.895894433887,54.0,0.08630086574955662,-0.528061077620811,0.08584600429574954,-0.52442029590252,0.015436846713166804,0.15945433474597873
89,7,25,477.9085898257795,4404.037580305916,437.3541612908576,4458.895894433887,54.0,0.08630086574955662,-0.21262596410225484,0.08584600429574954,-0.2091051732722047,0.015436846713166804,0.08753091443667717
90,30,25,625.9985091941669,4344.425799606012,437.3541612908576,4458.895894433887,54.0,0.08630086574955662,-0.6532341325021845,0.08584600429574954,-0.6415640630853296,0.015436846713166804,0.24006528245317776
91,32,25,334.71484028241383,4482.861045979598,437.3541612908576,4458.895894433887,54.0,0.08630086574955662,-0.3331375217036653,0.08584600429574954,-0.32873620843363965,0.015436846713166804,0.13942031322175016
92,32,26,334.71484028241383,4482.861045979598,413.6573433925362,4471.4083781216295,54.0,0.08630086574955662,-0.25679151534394434,0.08584600429574954,-0.2540794939280692,0.015436846713166804,0.10681890298890882
93,23,26,492.6610906216525,4339.6404706179,413.6573433925362,4471.4083781216295,54.0,0.08630086574955662,-0.5705667403731833,0.08584600429574954,-0.5637059561650664,0.015436846713166804,0.1908576085948601
94,8,27,404.480912881415,4338.111065579622,420.6163417766562,4415.183917581038,54.0,0.08630086574955662,-0.3940421636898438,0.08584600429574954,-0.39231854663789695,0.015436846713166804,0.11957888030553224
95,30,27,625.9985091941669,4344.425799606012,420.6163417766562,4415.183917581038,54.0,0.08630086574955662,-0.6742634959657126,0.08584600429574954,-0.661004431937021,0.015436846713166804,0.2335972221682024
96,32,27,334.71484028241383,4482.861045979598,420.6163417766562,4415.183917581038,54.0,0.08630086574955662,-0.34386563421925675,0.08584600429574954,-0.33855999641650525,0.015436846713166804,0.14894958291944999
97,23,27,492.6610906216525,4339.6404706179,420.6163417766562,4415.183917581038,54.0,0.08630086574955662,-0.43270560019405546,0.08584600429574954,-0.4300035738902801,0.015436846713166804,0.13341454142844317
98,7,27,477.9085898257795,4404.037580305916,420.6163417766562,4415.183917581038,54.0,0.08630086574955662,-0.1789826333645,0.08584600429574954,-0.17508262059582405,0.015436846713166804,0.07737838915382948
99,23,28,492.6610906216525,4339.6404706179,401.3841185749654,4415.951924993758,54.0,0.08630086574955662,-0.49355817574391453,0.08584600429574954,-0.4915476092655678,0.015436846713166804,0.1557626272227209
100,32,28,334.71484028241383,4482.861045979598,401.3841185749654,4415.951924993758,54.0,0.08630086574955662,-0.32152442927269037,0.08584600429574954,-0.3173244774669814,0.015436846713166804,0.13454725895584158
101,8,28,404.480912881415,4338.111065579622,401.3841185749654,4415.951924993758,54.0,0.08630086574955662,-0.3887789624918119,0.08584600429574954,-0.38709699338259584,0.015436846713166804,0.11828543459456702
102,30,28,625.9985091941669,4344.425799606012,401.3841185749654,4415.951924993758,54.0,0.08630086574955662,-0.742599299260023,0.08584600429574954,-0.7304789439429277,0.015436846713166804,0.2571158295548008
103,24,29,476.8845411410292,4318.364085281663,422.8827476086131,4397.34517396153,54.0,0.08630086574955662,-0.4223634622577871,0.08584600429574954,-0.42337660504893615,0.015436846713166804,0.12833943215088736
104,32,29,334.71484028241383,4482.861045979598,422.8827476086131,4397.34517396153,54.0,0.08630086574955662,-0.41371834096625176,0.08584600429574954,-0.40953586394071523,0.015436846713166804,0.172459879980659
105,23,29,492.6610906216525,4339.6404706179,422.8827476086131,4397.34517396153,54.0,0.08630086574955662,-0.3974710205017642,0.08584600429574954,-0.3952457362326589,0.015436846713166804,0.11673712821745956
106,8,29,404.480912881415,4338.111065579622,422.8827476086131,4397.34517396153,54.0,0.08630086574955662,-0.3437862516573291,0.08584600429574954,-0.34186612567098157,0.015436846713166804,0.09769807331766317
107,30,29,625.9985091941669,4344.425799606012,422.8827476086131,4397.34517396153,54.0,0.08630086574955662,-0.6822315589202383,0.08584600429574954,-0.6733102270307142,0.015436846713166804,0.2208718297960762
108,30,30,625.9985091941669,4344.425799606012,464.0768372445594,4407.064429668476,54.0,0.08630086574955662,-0.5486777273908786,0.08584600429574954,-0.5386072675489713,0.015436846713166804,0.1796750529513795
109,26,30,492.46916862384336,4319.554466150916,464.0768372445594,4407.064429668476,54.0,0.08630086574955662,-0.44548011559475686,0.08584600429574954,-0.44605143553723436,0.015436846713166804,0.10895611490824972
110,8,30,404.480912881415,4338.111065579622,464.0768372445594,4407.064429668476,54.0,0.08630086574955662,-0.4201084098186805,0.08584600429574954,-0.41824139821852835,0.015436846713166804,0.13344333639509776
111,23,30,492.6610906216525,4339.6404706179,464.0768372445594,4407.064429668476,54.0,0.08630086574955662,-0.3797017537172522,0.08584600429574954,-0.3803926278300157,0.015436846713166804,0.08589373876265752
112,24,30,476.8845411410292,4318.364085281663,464.0768372445594,4407.064429668476,54.0,0.08630086574955662,-0.3720121266316649,0.08584600429574954,-0.3730143228396131,0.015436846713166804,0.10978129786056932
113,32,30,334.71484028241383,4482.861045979598,464.0768372445594,4407.064429668476,54.0,0.08630086574955662,-0.43522379955128065,0.08584600429574954,-0.4247152108475132,0.015436846713166804,0.19775970157737977
114,7,30,477.9085898257795,4404.037580305916,464.0768372445594,4407.064429668476,54.0,0.08630086574955662,-0.058666438662480426,0.08584600429574954,-0.05830317804109606,0.015436846713166804,0.019793989404223746
115,32,31,334.71484028241383,4482.861045979598,475.8317961471988,4394.399108234459,54.0,0.08630086574955662,-0.4979441859131679,0.08584600429574954,-0.48766977978477377,0.015436846713166804,0.21986561334634155
116,23,31,492.6610906216525,4339.6404706179,475.8317961471988,4394.399108234459,54.0,0.08630086574955662,-0.3559587134793998,0.08584600429574954,-0.35590042311812103,0.015436846713166804,0.06461990983116407
117,24,31,476.8845411410292,4318.364085281663,475.8317961471988,4394.399108234459,54.0,0.08630086574955662,-0.43810476924854647,0.08584600429574954,-0.43763658265611666,0.015436846713166804,0.0868463997230467
118,8,31,404.480912881415,4338.111065579622,475.8317961471988,4394.399108234459,54.0,0.08630086574955662,-0.4418777904118623,0.08584600429574954,-0.44222435391653137,0.015436846713166804,0.13104709626728958
119,30,31,625.9985091941669,4344.425799606012,475.8317961471988,4394.399108234459,54.0,0.08630086574955662,-0.4992982209920169,0.08584600429574954,-0.4893460171932311,0.015436846713166804,0.1563567067336126
120,7,31,477.9085898257795,4404.037580305916,475.8317961471988,4394.399108234459,54.0,0.08630086574955662,-0.07249329886654973,0.08584600429574954,-0.07240026168541294,0.015436846713166804,0.01414634650910933
121,33,31,633.1852302568241,4317.679688677003,475.8317961471988,4394.399108234459,54.0,0.08630086574955662,-0.6509631066232372,0.08584600429574954,-0.6413116168298797,0.015436846713166804,0.17819459290772777
122,34,31,645.8872104090177,4370.307858894735,475.8317961471988,4394.399108234459,54.0,0.08630086574955662,-0.4775123030723326,0.08584600429574954,-0.4636223933488682,0.015436846713166804,0.1669225538976938
123,23,32,492.6610906216525,4339.6404706179,441.7352774844472,4384.348452276274,54.0,0.08630086574955662,-0.31769293656300956,0.08584600429574954,-0.31660039756549985,0.015436846713166804,0.0838773982645919
124,30,32,625.9985091941669,4344.425799606012,441.7352774844472,4384.348452276274,54.0,0.08630086574955662,-0.6287043750122419,0.08584600429574954,-0.6219079919922965,0.015436846713166804,0.19019153595346172
125,32,32,334.71484028241383,4482.861045979598,441.7352774844472,4384.348452276274,54.0,0.08630086574955662,-0.479804727838365,0.08584600429574954,-0.4744366567868473,0.015436846713166804,0.2027395294859337
126,7,32,477.9085898257795,4404.037580305916,441.7352774844472,4384.348452276274,54.0,0.08630086574955662,-0.15446802600874643,0.08584600429574954,-0.15473493337250613,0.015436846713166804,0.053595111552969636
127,8,32,404.480912881415,4338.111065579622,441.7352774844472,4384.348452276274,54.0,0.08630086574955662,-0.3179910293589801,0.08584600429574954,-0.3162569629108303,0.015436846713166804,0.09377560099330094
128,32,33,334.71484028241383,4482.861045979598,461.8257494002237,4382.902154782314,54.0,0.08630086574955662,-0.5073481389504536,0.08584600429574954,-0.49971821006130496,0.015436846713166804,0.21881009839968638
129,30,33,625.9985091941669,4344.425799606012,461.8257494002237,4382.902154782314,54.0,0.08630086574955662,-0.5432636666825816,0.08584600429574954,-0.5358967635320507,0.015436846713166804,0.16386600081047406
130,24,33,476.8845411410292,4318.364085281663,461.8257494002237,4382.902154782314,54.0,0.08630086574955662,-0.29156968564077507,0.08584600429574954,-0.2926334897284903,0.015436846713166804,0.08124383780964647
131,23,33,492.6610906216525,4339.6404706179,461.8257494002237,4382.902154782314,54.0,0.08630086574955662,-0.27853571674070343,0.08584600429574954,-0.2787604404823028,0.015436846713166804,0.06276546501376223
132,8,33,404.480912881415,4338.111065579622,461.8257494002237,4382.902154782314,54.0,0.08630086574955662,-0.37763781098447124,0.08584600429574954,-0.37738760159547086,0.015436846713166804,0.10967757486438925
133,7,33,477.9085898257795,4404.037580305916,461.8257494002237,4382.902154782314,54.0,0.08630086574955662,-0.11166834878760036,0.08584600429574954,-0.11246747970802626,0.015436846713166804,0.03414834480316543
134,32,34,334.71484028241383,4482.861045979598,462.3096820238882,4349.882377856321,54.0,0.08630086574955662,-0.686104212739616,0.08584600429574954,-0.6811029308798011,0.015436846713166804,0.2598277625845344
135,44,34,472.0029937650396,4104.126300266757,462.3096820238882,4349.882377856321,54.0,0.08630086574955662,-0.7642153134853518,0.08584600429574954,-0.7520070290823583,0.015436846713166804,0.22696799181290103
136,26,34,492.46916862384336,4319.554466150916,462.3096820238882,4349.882377856321,54.0,0.08630086574955662,-0.2010135124390318,0.08584600429574954,-0.20169637693314169,0.015436846713166804,0.051418289176975135
137,24,34,476.8845411410292,4318.364085281663,462.3096820238882,4349.882377856321,54.0,0.08630086574955662,-0.16657241969982384,0.08584600429574954,-0.1683635642534707,0.015436846713166804,0.04326905557518107
138,8,34,404.480912881415,4338.111065579622,462.3096820238882,4349.882377856321,54.0,0.08630086574955662,-0.34715483915864337,0.08584600429574954,-0.3471127335476659,0.015436846713166804,0.08728573183712128
139,23,34,489.8052239433386,4334.538828818666,462.3096820238882,4349.882377856321,54.0,0.08630086574955662,-0.1568942033600776,0.08584600429574954,-0.15756115668851672,0.015436846713166804,0.0375536468542545
140,7,34,477.9085898257795,4404.037580305916,462.3096820238882,4349.882377856321,54.0,0.08630086574955662,-0.2552348647601072,0.08584600429574954,-0.2552635723105328,0.015436846713166804,0.06968280985346938
141,30,34,625.9985091941669,4344.425799606012,462.3096820238882,4349.882377856321,54.0,0.08630086574955662,-0.5906142901123571,0.08584600429574954,-0.5831669891726909,0.015436846713166804,0.16609723479643837
142,33,34,633.1852302568241,4317.679688677003,462.3096820238882,4349.882377856321,54.0,0.08630086574955662,-0.5882404792438772,0.08584600429574954,-0.5803813230493883,0.015436846713166804,0.18316114480766205
143,8,35,404.480912881415,4338.111065579622,430.0693145736199,4338.606545961896,54.0,0.08630086574955662,-0.1987754757655941,0.08584600429574954,-0.19789542144350425,0.015436846713166804,0.04964158332384452
144,44,35,472.0029937650396,4104.126300266757,430.0693145736199,4338.606545961896,54.0,0.08630086574955662,-0.6963018603491924,0.08584600429574954,-0.6793272833290162,0.015436846713166804,0.22394825663048318
145,32,35,334.71484028241383,4482.861045979598,430.0693145736199,4338.606545961896,54.0,0.08630086574955662,-0.7595212228877094,0.08584600429574954,-0.7549270962408303,0.015436846713166804,0.2625244432987184
146,26,35,492.46916862384336,4319.554466150916,430.0693145736199,4338.606545961896,54.0,0.08630086574955662,-0.295291275881052,0.08584600429574954,-0.2963279343910996,0.015436846713166804,0.08114980865195784
147,23,35,477.3861806054903,4312.148199732568,430.0693145736199,4338.606545961896,54.0,0.08630086574955662,-0.29882423049435936,0.08584600429574954,-0.29998411101062905,0.015436846713166804,0.07153636417686259
148,30,35,625.9985091941669,4344.425799606012,430.0693145736199,4338.606545961896,54.0,0.08630086574955662,-0.7544331118217689,0.08584600429574954,-0.7476825863224869,0.015436846713166804,0.20749561390495116
149,24,35,476.8845411410292,4318.364085281663,430.0693145736199,4338.606545961896,54.0,0.08630086574955662,-0.27454422818805385,0.08584600429574954,-0.2758245838079847,0.015436846713166804,0.0670601004589045
150,7,35,477.9085898257795,4404.037580305916,430.0693145736199,4338.606545961896,54.0,0.08630086574955662,-0.36149290601533907,0.08584600429574954,-0.36245875384551385,0.015436846713166804,0.10679987829241208
151,23,36,475.2952963933525,4308.492411153248,452.48668196591865,4321.181261560588,54.0,0.08630086574955662,-0.15971926340759818,0.08584600429574954,-0.16086025009177052,0.015436846713166804,0.035069528765268705
152,24,36,476.8845411410292,4318.364085281663,452.48668196591865,4321.181261560588,54.0,0.08630086574955662,-0.15142323034269825,0.08584600429574954,-0.1524215712022361,0.015436846713166804,0.03400729496228021
153,44,36,472.0029937650396,4104.126300266757,452.48668196591865,4321.181261560588,54.0,0.08630086574955662,-0.6230297310046744,0.08584600429574954,-0.6090128866315703,0.015436846713166804,0.1920563184255601
154,30,36,625.9985091941669,4344.425799606012,452.48668196591865,4321.181261560588,54.0,0.08630086574955662,-0.6616128872506327,0.08584600429574954,-0.6542365068647644,0.015436846713166804,0.1821967053210166
155,32,36,334.71484028241383,4482.861045979598,452.48668196591865,4321.181261560588,54.0,0.08630086574955662,-0.8757279543260019,0.08584600429574954,-0.8719234484230229,0.015436846713166804,0.2936853953813507
156,8,36,404.480912881415,4338.111065579622,452.48668196591865,4321.181261560588,54.0,0.08630086574955662,-0.3231485928349149,0.08584600429574954,-0.32180913559187135,0.015436846713166804,0.0795986477397727
157,7,36,477.9085898257795,4404.037580305916,452.48668196591865,4321.181261560588,54.0,0.08630086574955662,-0.4041114353605354,0.08584600429574954,-0.40602384864671265,0.015436846713166804,0.10711046942698141
158,26,36,492.46916862384336,4319.554466150916,452.48668196591865,4321.181261560588,54.0,0.08630086574955662,-0.19654601628213378,0.08584600429574954,-0.19707604120832295,0.015436846713166804,0.051115147658625126
159,32,37,334.71484028241383,4482.861045979598,449.044917057454,4427.372863314673,54.0,0.08630086574955662,-0.3586317327830124,0.08584600429574954,-0.348769603376855,0.015436846713166804,0.16527930660336143
160,8,37,404.480912881415,4338.111065579622,449.044917057454,4427.372863314673,54.0,0.08630086574955662,-0.4230126376724871,0.08584600429574954,-0.4163260854820139,0.015436846713166804,0.14715142654930044
161,23,37,492.6610906216525,4339.6404706179,449.044917057454,4427.372863314673,54.0,0.08630086574955662,-0.4412544909643048,0.08584600429574954,-0.4413347922231925,0.015436846713166804,0.11766066012866973
162,7,37,477.9085898257795,4404.037580305916,449.044917057454,4427.372863314673,54.0,0.08630086574955662,-0.1275277218672232,0.08584600429574954,-0.1262990544580123,0.015436846713166804,0.047877544982542417
163,34,38,645.8872104090177,4370.307858894735,471.4559701946234,4402.715936092695,54.0,0.08630086574955662,-0.5039389028405797,0.08584600429574954,-0.4895901340186108,0.015436846713166804,0.17718216930062786
164,7,38,477.9085898257795,4404.037580305916,471.4559701946234,4402.715936092695,54.0,0.08630086574955662,-0.04161717813523015,0.08584600429574954,-0.04149935153414285,0.015436846713166804,0.01179529040001083
165,24,38,476.8845411410292,4318.364085281663,471.4559701946234,4402.715936092695,54.0,0.08630086574955662,-0.36090232211215756,0.08584600429574954,-0.36074284444429877,0.015436846713166804,0.10255986263042144
166,30,38,625.9985091941669,4344.425799606012,471.4559701946234,4402.715936092695,54.0,0.08630086574955662,-0.5218690998942863,0.08584600429574954,-0.5119229841960704,0.015436846713166804,0.16777567444849067
167,32,38,334.71484028241383,4482.861045979598,471.4559701946234,4402.715936092695,54.0,0.08630086574955662,-0.4616695320077032,0.08584600429574954,-0.4508836897124616,0.015436846713166804,0.20853585401965302
168,23,38,492.6610906216525,4339.6404706179,471.4559701946234,4402.715936092695,54.0,0.08630086574955662,-0.38315197640935356,0.08584600429574954,-0.38333266305712266,0.015436846713166804,0.07630884044234934
169,8,38,404.480912881415,4338.111065579622,471.4559701946234,4402.715936092695,54.0,0.08630086574955662,-0.4356391300031764,0.08584600429574954,-0.4351183684160642,0.015436846713166804,0.13455837371968052
170,34,39,645.8872104090177,4370.307858894735,475.5450238588451,4333.03888591012,54.0,0.08630086574955662,-0.44751592670875306,0.08584600429574954,-0.4370563529029212,0.015436846713166804,0.1743227486356365
171,30,39,625.9985091941669,4344.425799606012,475.5450238588451,4333.03888591012,54.0,0.08630086574955662,-0.5283327445277971,0.08584600429574954,-0.5200367524229653,0.015436846713166804,0.15042593582236877
172,23,39,485.8179580911125,4327.331720835381,475.5450238588451,4333.03888591012,54.0,0.08630086574955662,-0.0604180346416881,0.08584600429574954,-0.06023569753800347,0.015436846713166804,0.013754071639281324
173,32,39,334.71484028241383,4482.861045979598,475.5450238588451,4333.03888591012,54.0,0.08630086574955662,-0.7969849931134239,0.08584600429574954,-0.7936975545145314,0.015436846713166804,0.286967045224846
174,35,39,583.2192292927565,4207.570440686977,475.5450238588451,4333.03888591012,54.0,0.08630086574955662,-0.462362817963865,0.08584600429574954,-0.45565318299908053,0.015436846713166804,0.18543278843999286
175,33,39,633.1852302568241,4317.679688677003,475.5450238588451,4333.03888591012,54.0,0.08630086574955662,-0.5747780610241381,0.08584600429574954,-0.5690055544345012,0.015436846713166804,0.17066665013434937
176,26,39,492.46916862384336,4319.554466150916,475.5450238588451,4333.03888591012,54.0,0.08630086574955662,-0.09851121334242428,0.08584600429574954,-0.09804640228513611,0.015436846713166804,0.026386568171920713
177,44,39,472.0029937650396,4104.126300266757,475.5450238588451,4333.03888591012,54.0,0.08630086574955662,-0.5987895565433958,0.08584600429574954,-0.5829454802793743,0.015436846713166804,0.2003053390789367
178,24,39,476.8845411410292,4318.364085281663,475.5450238588451,4333.03888591012,54.0,0.08630086574955662,-0.06917366558581027,0.08584600429574954,-0.06883018620201921,0.015436846713166804,0.018932559861604317
179,7,39,477.9085898257795,4404.037580305916,475.5450238588451,4333.03888591012,54.0,0.08630086574955662,-0.43598962290834165,0.08584600429574954,-0.4357536454757472,0.015436846713166804,0.08153715315389093
180,23,40,492.6610906216525,4339.6404706179,463.9665587999344,4407.275828022564,54.0,0.08630086574955662,-0.3803722368304065,0.08584600429574954,-0.3810575037734333,0.015436846713166804,0.08619633317647675
181,30,40,625.9985091941669,4344.425799606012,463.9665587999344,4407.275828022564,54.0,0.08630086574955662,-0.5493298749167597,0.08584600429574954,-0.5392687709730491,0.015436846713166804,0.18003831189607913
182,32,40,334.71484028241383,4482.861045979598,463.9665587999344,4407.275828022564,54.0,0.08630086574955662,-0.43448863034266244,0.08584600429574954,-0.4239828019300011,0.015436846713166804,0.1974577458236757
183,16,40,513.1636048475955,4263.301540421994,463.9665587999344,4407.275828022564,54.0,0.08630086574955662,-0.5782414803147883,0.08584600429574954,-0.5748278794061746,0.015436846713166804,0.16962094810583506
184,67,40,614.1933123417826,4407.07660776138,463.9665587999344,4407.275828022564,54.0,0.08630086574955662,-0.4798762979081615,0.08584600429574954,-0.4715157281399817,0.015436846713166804,0.16520019974191724
185,32,41,334.71484028241383,4482.861045979598,463.2958110311122,4390.486480472092,54.0,0.08630086574955662,-0.48160774429918884,0.08584600429574954,-0.4727095714899898,0.015436846713166804,0.21209750052317325
186,30,41,625.9985091941669,4344.425799606012,463.2958110311122,4390.486480472092,54.0,0.08630086574955662,-0.5415809055435136,0.08584600429574954,-0.5325662472003019,0.015436846713166804,0.16677394560675976
187,68,41,607.5300941255965,4399.875364871049,463.2958110311122,4390.486480472092,54.0,0.08630086574955662,-0.37603420420952505,0.08584600429574954,-0.36359941303884064,0.015436846713166804,0.13222525422593437
188,26,41,492.46916862384336,4319.554466150916,463.2958110311122,4390.486480472092,54.0,0.08630086574955662,-0.37002285472950175,0.08584600429574954,-0.36998278036045534,0.015436846713166804,0.09124877982165928
189,16,41,513.1636048475955,4263.301540421994,463.2958110311122,4390.486480472092,54.0,0.08630086574955662,-0.4957013307798629,0.08584600429574954,-0.49174446971984404,0.015436846713166804,0.15248376208415065
190,67,41,614.1933123417826,4407.07660776138,463.2958110311122,4390.486480472092,54.0,0.08630086574955662,-0.46163565227833997,0.08584600429574954,-0.45292736879849077,0.015436846713166804,0.15652695380692092
191,23,41,492.6610906216525,4339.6404706179,463.2958110311122,4390.486480472092,54.0,0.08630086574955662,-0.308512248327728,0.08584600429574954,-0.30930843116427154,0.015436846713166804,0.0690220195437474
192,24,41,476.8845411410292,4318.364085281663,463.2958110311122,4390.486480472092,54.0,0.08630086574955662,-0.31705734259269536,0.08584600429574954,-0.31821919905847257,0.015436846713166804,0.08984889192934185
193,67,42,614.1933123417826,4407.07660776138,424.7541420823547,4341.807884221032,54.0,0.08630086574955662,-0.6595126479819834,0.08584600429574954,-0.6491671208971809,0.015436846713166804,0.20125566743107126
194,24,42,476.8845411410292,4318.364085281663,424.7541420823547,4341.807884221032,54.0,0.08630086574955662,-0.30624506779207833,0.08584600429574954,-0.3075003944395333,0.015436846713166804,0.07519182075790008
195,22,42,297.892598448241,4158.68162304286,424.7541420823547,4341.807884221032,54.0,0.08630086574955662,-1.022775661976571,0.08584600429574954,-1.0185053240754511,0.015436846713166804,0.3360597160711092
196,23,42,477.4731403423149,4312.258922572526,424.7541420823547,4341.807884221032,54.0,0.08630086574955662,-0.3313122787262629,0.08584600429574954,-0.3324325460409012,0.015436846713166804,0.07985275406598019
197,26,42,492.46916862384336,4319.554466150916,424.7541420823547,4341.807884221032,54.0,0.08630086574955662,-0.32839529198088924,0.08584600429574954,-0.32941549637709616,0.015436846713166804,0.08917014427241869
198,30,42,625.9985091941669,4344.425799606012,424.7541420823547,4341.807884221032,54.0,0.08630086574955662,-0.782454250040986,0.08584600429574954,-0.7756693558952481,0.015436846713166804,0.214554704256129
199,19,42,313.8105789821288,4143.210879673134,424.7541420823547,4341.807884221032,54.0,0.08630086574955662,-1.0084301368699318,0.08584600429574954,-1.0048847983267615,0.015436846713166804,0.32721281782552386
200,32,42,334.71484028241383,4482.861045979598,424.7541420823547,4341.807884221032,54.0,0.08630086574955662,-0.7420995094196127,0.08584600429574954,-0.7372339672062352,0.015436846713166804,0.2578625886925553
201,44,42,472.0029937650396,4104.126300266757,424.7541420823547,4341.807884221032,54.0,0.08630086574955662,-0.7256294169406476,0.08584600429574954,-0.7092589081117741,0.015436846713166804,0.2322470071062179
202,16,42,513.1636048475955,4263.301540421994,424.7541420823547,4341.807884221032,54.0,0.08630086574955662,-0.50302945468596,0.08584600429574954,-0.5012286407572255,0.015436846713166804,0.14542524857768685
203,68,43,607.5300941255965,4399.875364871049,475.200490753821,4336.125087441123,54.0,0.08630086574955662,-0.29947136805078817,0.08584600429574954,-0.2867336155644749,0.015436846713166804,0.12152434527916084
204,24,43,476.8845411410292,4318.364085281663,475.200490753821,4336.125087441123,54.0,0.08630086574955662,-0.08421602788667631,0.08584600429574954,-0.08383120436640593,0.015436846713166804,0.022261110908354885
205,23,43,487.0322857743624,4329.549091982163,475.200490753821,4336.125087441123,54.0,0.08630086574955662,-0.06956282104517718,0.08584600429574954,-0.06935288566100369,0.015436846713166804,0.01583586804436876
206,29,43,679.1344462972443,4226.875249913833,475.200490753821,4336.125087441123,54.0,0.08630086574955662,-0.986760024664797,0.08584600429574954,-0.9791015876670945,0.015436846713166804,0.29112465923304015
207,26,43,492.46916862384336,4319.554466150916,475.200490753821,4336.125087441123,54.0,0.08630086574955662,-0.11173310513650188,0.08584600429574954,-0.1112464828951539,0.015436846713166804,0.028968756019383018
208,30,43,625.9985091941669,4344.425799606012,475.200490753821,4336.125087441123,54.0,0.08630086574955662,-0.5294052309410846,0.08584600429574954,-0.5211151660145101,0.015436846713166804,0.15062885521005565
209,32,43,334.71484028241383,4482.861045979598,475.200490753821,4336.125087441123,54.0,0.08630086574955662,-0.777612467703857,0.08584600429574954,-0.7738406139632833,0.015436846713166804,0.28290813864966385
210,67,43,614.1933123417826,4407.07660776138,475.200490753821,4336.125087441123,54.0,0.08630086574955662,-0.34595519394227797,0.08584600429574954,-0.33361559490787074,0.015436846713166804,0.1315638765919961
211,34,43,645.8872104090177,4370.307858894735,475.200490753821,4336.125087441123,54.0,0.08630086574955662,-0.44581264108523044,0.08584600429574954,-0.43533223257586817,0.015436846713166804,0.173505708921873
212,56,43,677.3923123197425,4458.591690875839,475.200490753821,4336.125087441123,54.0,0.08630086574955662,-0.8085732003825022,0.08584600429574954,-0.7993012375512119,0.015436846713166804,0.24666485987281178
213,44,43,472.0029937650396,4104.126300266757,475.200490753821,4336.125087441123,54.0,0.08630086574955662,-0.6908576445204269,0.08584600429574954,-0.676646482939281,0.015436846713166804,0.20875177045102317
214,33,43,633.1852302568241,4317.679688677003,475.200490753821,4336.125087441123,54.0,0.08630086574955662,-0.5448713405665374,0.08584600429574954,-0.5379310329840199,0.015436846713166804,0.168603547308052
215,35,43,583.2192292927565,4207.570440686977,475.200490753821,4336.125087441123,54.0,0.08630086574955662,-0.47838652743271015,0.08584600429574954,-0.4716742429413788,0.015436846713166804,0.1887546733892431
216,19,43,324.8153272931308,4135.979057138678,475.200490753821,4336.125087441123,54.0,0.08630086574955662,-0.9856971199266323,0.08584600429574954,-0.9798154937296132,0.015436846713166804,0.314529091912565
217,26,44,492.46916862384336,4319.554466150916,441.0471192053797,4324.965345583502,54.0,0.08630086574955662,-0.2658241131558211,0.08584600429574954,-0.26590197994274883,0.015436846713166804,0.06719853633251871
218,44,44,472.0029937650396,4104.126300266757,441.0471192053797,4324.965345583502,54.0,0.08630086574955662,-0.6166947963028957,0.08584600429574954,-0.598476800500902,0.015436846713166804,0.20162937843696302
219,24,44,476.8845411410292,4318.364085281663,441.0471192053797,4324.965345583502,54.0,0.08630086574955662,-0.22070795808653548,0.08584600429574954,-0.22123423402444006,0.015436846713166804,0.0501135451847455
220,22,44,301.6304881357929,4156.037775497009,441.0471192053797,4324.965345583502,54.0,0.08630086574955662,-0.9879428370026421,0.08584600429574954,-0.9849741369829405,0.015436846713166804,0.310659920048139
221,30,44,625.9985091941669,4344.425799606012,441.0471192053797,4324.965345583502,54.0,0.08630086574955662,-0.7002834855362587,0.08584600429574954,-0.6935425029803028,0.015436846713166804,0.1938871377592172
222,32,44,334.71484028241383,4482.861045979598,441.0471192053797,4324.965345583502,54.0,0.08630086574955662,-0.8449666341963736,0.08584600429574954,-0.840430335029378,0.015436846713166804,0.2842510343012486
223,19,44,321.49446726788966,4138.158474420299,441.0471192053797,4324.965345583502,54.0,0.08630086574955662,-0.8834927199208671,0.08584600429574954,-0.8781207281289678,0.015436846713166804,0.2935229841804303
224,23,44,474.24859212100233,4306.4982743148985,441.0471192053797,4324.965345583502,54.0,0.08630086574955662,-0.2317742531748068,0.08584600429574954,-0.2323769666638056,0.015436846713166804,0.05173823000340007
225,16,44,513.1636048475955,4263.301540421994,441.0471192053797,4324.965345583502,54.0,0.08630086574955662,-0.3851419862515856,0.08584600429574954,-0.3831987188581703,0.015436846713166804,0.11436687725356882
226,67,44,614.1933123417826,4407.07660776138,441.0471192053797,4324.965345583502,54.0,0.08630086574955662,-0.5438045555287491,0.08584600429574954,-0.53393319666756,0.015436846713166804,0.17772415953488083
227,22,45,301.6304881357929,4156.037775497009,456.2761219480929,4314.689427575413,54.0,0.08630086574955662,-0.9937453167240206,0.08584600429574954,-0.9914671321617818,0.015436846713166804,0.30142687817479247
228,24,45,476.8845411410292,4318.364085281663,456.2761219480929,4314.689427575413,54.0,0.08630086574955662,-0.1299760856565114,0.08584600429574954,-0.13081657623196485,0.015436846713166804,0.029340388665997662
229,26,45,492.46916862384336,4319.554466150916,456.2761219480929,4314.689427575413,54.0,0.08630086574955662,-0.17477621352241188,0.08584600429574954,-0.1751383369689174,0.015436846713166804,0.046447937435973835
230,32,45,334.71484028241383,4482.861045979598,456.2761219480929,4314.689427575413,54.0,0.08630086574955662,-0.9242545427784312,0.08584600429574954,-0.920615714633816,0.015436846713166804,0.30412888355297135
231,30,45,625.9985091941669,4344.425799606012,456.2761219480929,4314.689427575413,54.0,0.08630086574955662,-0.6116485251686298,0.08584600429574954,-0.6035126122488373,0.015436846713166804,0.17980622306513697
232,23,45,473.463778736012,4305.169219038526,456.2761219480929,4314.689427575413,54.0,0.08630086574955662,-0.12103656912378283,0.08584600429574954,-0.12191413008021698,0.015436846713166804,0.026458393010394238
233,19,45,324.8153272931308,4135.979057138678,456.2761219480929,4314.689427575413,54.0,0.08630086574955662,-0.8357897563256433,0.08584600429574954,-0.8283465864986257,0.015436846713166804,0.2793368366330992
234,16,45,513.1636048475955,4263.301540421994,456.2761219480929,4314.689427575413,54.0,0.08630086574955662,-0.26781755655044126,0.08584600429574954,-0.2663391660269043,0.015436846713166804,0.08904514099197104
235,44,45,472.0029937650396,4104.126300266757,456.2761219480929,4314.689427575413,54.0,0.08630086574955662,-0.5821778815574962,0.08584600429574954,-0.5678878972457557,0.015436846713166804,0.18305669315147285
236,67,45,614.1933123417826,4407.07660776138,456.2761219480929,4314.689427575413,54.0,0.08630086574955662,-0.4793276022978171,0.08584600429574954,-0.46667924349212797,0.015436846713166804,0.16525445534536629
237,35,45,583.2192292927565,4207.570440686977,456.2761219480929,4314.689427575413,54.0,0.08630086574955662,-0.5306589456271715,0.08584600429574954,-0.5268790406831986,0.015436846713166804,0.19533744954873836
238,67,46,614.1933123417826,4407.07660776138,486.3913924564008,4478.416425086557,54.0,0.08630086574955662,-0.46062999023449636,0.08584600429574954,-0.45613196611629775,0.015436846713166804,0.169488369874882
239,30,46,625.9985091941669,4344.425799606012,486.3913924564008,4478.416425086557,54.0,0.08630086574955662,-0.49607043011768537,0.08584600429574954,-0.48500628026090287,0.015436846713166804,0.19201621219880952
240,23,46,492.6610906216525,4339.6404706179,486.3913924564008,4478.416425086557,54.0,0.08630086574955662,-0.8081750537451868,0.08584600429574954,-0.8074765127292459,0.015436846713166804,0.17194661285605126
241,32,46,334.71484028241383,4482.861045979598,486.3913924564008,4478.416425086557,54.0,0.08630086574955662,-0.5706646793661481,0.08584600429574954,-0.5680366300507782,0.015436846713166804,0.20902327175484303
242,30,47,625.9985091941669,4344.425799606012,434.92773393180914,4463.423300941039,54.0,0.08630086574955662,-0.6594924550176438,0.08584600429574954,-0.6472946087698603,0.015436846713166804,0.24478694748260146
243,67,47,614.1933123417826,4407.07660776138,434.92773393180914,4463.423300941039,54.0,0.08630086574955662,-0.5786546973957907,0.08584600429574954,-0.5698524577599885,0.015436846713166804,0.21585125542324013
244,23,47,492.6610906216525,4339.6404706179,434.92773393180914,4463.423300941039,54.0,0.08630086574955662,-0.5414401269279675,0.08584600429574954,-0.53751158176172,0.015436846713166804,0.1659020438225337
245,32,47,334.71484028241383,4482.861045979598,434.92773393180914,4463.423300941039,54.0,0.08630086574955662,-0.3243018066157362,0.08584600429574954,-0.32030561389247464,0.015436846713166804,0.13525670128545078
246,23,48,492.6610906216525,4339.6404706179,454.0574214945663,4458.475818282948,54.0,0.08630086574955662,-0.5687304231409402,0.08584600429574954,-0.566827743020667,0.015436846713166804,0.15172150425766362
247,32,48,334.71484028241383,4482.861045979598,454.0574214945663,4458.475818282948,54.0,0.08630086574955662,-0.3818132733426768,0.08584600429574954,-0.3769126757811006,0.015436846713166804,0.16038509255018435
248,67,48,614.1933123417826,4407.07660776138,454.0574214945663,4458.475818282948,54.0,0.08630086574955662,-0.5221629423935829,0.08584600429574954,-0.5142786463080335,0.015436846713166804,0.19090835152509705
249,30,48,625.9985091941669,4344.425799606012,454.0574214945663,4458.475818282948,54.0,0.08630086574955662,-0.5970830767049219,0.08584600429574954,-0.585086496411855,0.015436846713166804,0.21849685233536806
250,23,49,492.6610906216525,4339.6404706179,464.4083453145252,4461.161482502334,54.0,0.08630086574955662,-0.6338097849468229,0.08584600429574954,-0.6322233908560757,0.015436846713166804,0.15270383801971438
251,30,49,625.9985091941669,4344.425799606012,464.4083453145252,4461.161482502334,54.0,0.08630086574955662,-0.5646974995528905,0.08584600429574954,-0.5523402985448211,0.015436846713166804,0.2048390156332098
252,32,49,334.71484028241383,4482.861045979598,464.4083453145252,4461.161482502334,54.0,0.08630086574955662,-0.4157071760977511,0.08584600429574954,-0.41078239252130455,0.015436846713166804,0.17361288620818088
253,67,49,614.1933123417826,4407.07660776138,464.4083453145252,4461.161482502334,54.0,0.08630086574955662,-0.4958688673950846,0.08584600429574954,-0.4887152141916603,0.015436846713166804,0.17967312558633597
254,24,50,476.8845411410292,4318.364085281663,433.5165486821991,4418.668216363436,54.0,0.08630086574955662,-0.4307784789804802,0.08584600429574954,-0.4287145673228852,0.015436846713166804,0.14129620855688685
255,32,50,334.71484028241383,4482.861045979598,433.5165486821991,4418.668216363436,54.0,0.08630086574955662,-0.35220589593977075,0.08584600429574954,-0.3447463290362071,0.015436846713166804,0.15783006008602493
256,23,50,492.6610906216525,4339.6404706179,433.5165486821991,4418.668216363436,54.0,0.08630086574955662,-0.4158648034360769,0.08584600429574954,-0.4135812214427296,0.015436846713166804,0.12285061766838884
257,16,50,513.1636048475955,4263.301540421994,433.5165486821991,4418.668216363436,54.0,0.08630086574955662,-0.5828609534958257,0.08584600429574954,-0.5764581159256982,0.015436846713166804,0.20791308091257907
258,67,50,614.1933123417826,4407.07660776138,433.5165486821991,4418.668216363436,54.0,0.08630086574955662,-0.5659363402083055,0.08584600429574954,-0.5550857027886468,0.015436846713166804,0.20548808517001474
259,30,50,625.9985091941669,4344.425799606012,433.5165486821991,4418.668216363436,54.0,0.08630086574955662,-0.6396450557252734,0.08584600429574954,-0.626913301882141,0.015436846713166804,0.22232989787638507
260,67,51,614.1933123417826,4407.07660776138,449.3852529635216,4425.916545048914,54.0,0.08630086574955662,-0.5266035037899203,0.08584600429574954,-0.5176172896933678,0.015436846713166804,0.18497372373366075
261,30,51,625.9985091941669,4344.425799606012,449.3852529635216,4425.916545048914,54.0,0.08630086574955662,-0.6114991113939506,0.08584600429574954,-0.6014307423880325,0.015436846713166804,0.2093606165222555
262,26,51,492.46916862384336,4319.554466150916,449.3852529635216,4425.916545048914,54.0,0.08630086574955662,-0.4920605744955149,0.08584600429574954,-0.4913042943485582,0.015436846713166804,0.1387344292399417
263,24,51,476.8845411410292,4318.364085281663,449.3852529635216,4425.916545048914,54.0,0.08630086574955662,-0.43623733429982514,0.08584600429574954,-0.4368324092318481,0.015436846713166804,0.13703968844150657
264,32,51,334.71484028241383,4482.861045979598,449.3852529635216,4425.916545048914,54.0,0.08630086574955662,-0.3598278560187846,0.08584600429574954,-0.34979464414926953,0.015436846713166804,0.16640822825774595
265,68,52,607.5300941255965,4399.875364871049,483.6599253446036,4434.678431866685,54.0,0.08630086574955662,-0.3496871350378523,0.08584600429574954,-0.34064968709839416,0.015436846713166804,0.13427669210245963
266,16,52,513.1636048475955,4263.301540421994,483.6599253446036,4434.678431866685,54.0,0.08630086574955662,-0.7432606681667656,0.08584600429574954,-0.7376607465408849,0.015436846713166804,0.1933182041494167
267,56,52,677.3923123197425,4458.591690875839,483.6599253446036,4434.678431866685,54.0,0.08630086574955662,-0.7315780667488995,0.08584600429574954,-0.728499915248127,0.015436846713166804,0.236758243441905
268,34,52,645.8872104090177,4370.307858894735,483.6599253446036,4434.678431866685,54.0,0.08630086574955662,-0.47252754050853457,0.08584600429574954,-0.4576416609041364,0.015436846713166804,0.17934441024609088
269,69,52,685.3230867940251,4391.141433827922,483.6599253446036,4434.678431866685,54.0,0.08630086574955662,-0.7671081392071275,0.08584600429574954,-0.7588570155512327,0.015436846713166804,0.24989021568836448
270,23,52,492.6610906216525,4339.6404706179,483.6599253446036,4434.678431866685,54.0,0.08630086574955662,-0.5865015400747298,0.08584600429574954,-0.5863568597572106,0.015436846713166804,0.11508321225871733
271,32,52,334.71484028241383,4482.861045979598,483.6599253446036,4434.678431866685,54.0,0.08630086574955662,-0.49083503607046974,0.08584600429574954,-0.4825702410473208,0.015436846713166804,0.2050187894656438
272,30,52,625.9985091941669,4344.425799606012,483.6599253446036,4434.678431866685,54.0,0.08630086574955662,-0.4641973960815416,0.08584600429574954,-0.4537467748480362,0.015436846713166804,0.17094334503455674
273,49,52,663.3163926639071,4436.617662823868,483.6599253446036,4434.678431866685,54.0,0.08630086574955662,-0.7205134121525896,0.08584600429574954,-0.7157743941341222,0.015436846713166804,0.21667407580932305
274,67,52,614.1933123417826,4407.07660776138,483.6599253446036,4434.678431866685,54.0,0.08630086574955662,-0.37506576188884816,0.08584600429574954,-0.3665493357677556,0.015436846713166804,0.14032559512272935
275,57,52,688.226455777822,4457.521568699916,483.6599253446036,4434.678431866685,54.0,0.08630086574955662,-0.7917916479687688,0.08584600429574954,-0.788151770668654,0.015436846713166804,0.25601408672341613
276,23,53,492.6610906216525,4339.6404706179,449.19507381456793,4393.341358041034,54.0,0.08630086574955662,-0.3310371542051157,0.08584600429574954,-0.33147129998405,0.015436846713166804,0.08293118309403087
277,68,53,607.5300941255965,4399.875364871049,449.19507381456793,4393.341358041034,54.0,0.08630086574955662,-0.42572613880894633,0.08584600429574954,-0.4137570940270946,0.015436846713166804,0.14946173393369985
278,30,53,625.9985091941669,4344.425799606012,449.19507381456793,4393.341358041034,54.0,0.08630086574955662,-0.5919663265844974,0.08584600429574954,-0.583602811290291,0.015436846713166804,0.18412020371279322
279,16,53,513.1636048475955,4263.301540421994,449.19507381456793,4393.341358041034,54.0,0.08630086574955662,-0.5004926975329981,0.08584600429574954,-0.49710558398254806,0.015436846713166804,0.16574850520284667
280,24,53,476.8845411410292,4318.364085281663,449.19507381456793,4393.341358041034,54.0,0.08630086574955662,-0.34619796142820414,0.08584600429574954,-0.34774404860759156,0.015436846713166804,0.09877720569393736
281,32,53,334.71484028241383,4482.861045979598,449.19507381456793,4393.341358041034,54.0,0.08630086574955662,-0.448110877791171,0.08584600429574954,-0.4399259203005281,0.015436846713166804,0.1983790205890022
282,67,53,614.1933123417826,4407.07660776138,449.19507381456793,4393.341358041034,54.0,0.08630086574955662,-0.5115160989715175,0.08584600429574954,-0.5028838024566302,0.015436846713166804,0.17441388068926444
283,16,54,513.1636048475955,4263.301540421994,443.9862101028399,4377.461544255477,54.0,0.08630086574955662,-0.4585161816067911,0.08584600429574954,-0.4562272685311748,0.015436846713166804,0.15525958921348712
284,32,54,334.71484028241383,4482.861045979598,443.9862101028399,4377.461544255477,54.0,0.08630086574955662,-0.513818853931254,0.08584600429574954,-0.5084589120418697,0.015436846713166804,0.21346445647910378
285,24,54,476.8845411410292,4318.364085281663,443.9862101028399,4377.461544255477,54.0,0.08630086574955662,-0.3143839032869678,0.08584600429574954,-0.3158371556007979,0.015436846713166804,0.08642451261250975
286,68,54,607.5300941255965,4399.875364871049,443.9862101028399,4377.461544255477,54.0,0.08630086574955662,-0.44703098069924735,0.08584600429574954,-0.43474298773616765,0.015436846713166804,0.15815470109984303
287,67,54,614.1933123417826,4407.07660776138,443.9862101028399,4377.461544255477,54.0,0.08630086574955662,-0.5264358540764187,0.08584600429574954,-0.5174527557453524,0.015436846713166804,0.17935718986544047
288,23,54,492.6610906216525,4339.6404706179,443.9862101028399,4377.461544255477,54.0,0.08630086574955662,-0.29687646701766407,0.08584600429574954,-0.29590715698785947,0.015436846713166804,0.07604890063533808
289,26,54,492.46916862384336,4319.554466150916,443.9862101028399,4377.461544255477,54.0,0.08630086574955662,-0.34587170680348694,0.08584600429574954,-0.34550955291373675,0.015436846713166804,0.09359717353327025
290,30,54,625.9985091941669,4344.425799606012,443.9862101028399,4377.461544255477,54.0,0.08630086574955662,-0.6544787374701099,0.08584600429574954,-0.647269668823868,0.015436846713166804,0.18652022514486835
291,24,55,476.8845411410292,4318.364085281663,466.6332349019849,4378.7179507745,54.0,0.08630086574955662,-0.27398761315923603,0.08584600429574954,-0.27464849902186605,0.015436846713166804,0.07492060655515831
292,16,55,513.1636048475955,4263.301540421994,466.6332349019849,4378.7179507745,54.0,0.08630086574955662,-0.44628880091353124,0.08584600429574954,-0.4418188588599389,0.015436846713166804,0.13798696048160655
293,68,55,607.5300941255965,4399.875364871049,466.6332349019849,4378.7179507745,54.0,0.08630086574955662,-0.36733660306163485,0.08584600429574954,-0.35466769160090966,0.015436846713166804,0.1292740032069909
294,32,55,334.71484028241383,4482.861045979598,466.6332349019849,4378.7179507745,54.0,0.08630086574955662,-0.5306927714100769,0.08584600429574954,-0.5233291492940306,0.015436846713166804,0.22672449446757995
295,34,55,645.8872104090177,4370.307858894735,466.6332349019849,4378.7179507745,54.0,0.08630086574955662,-0.5422033690441486,0.08584600429574954,-0.5319847851259651,0.015436846713166804,0.18930027557531776
296,33,55,633.1852302568241,4317.679688677003,466.6332349019849,4378.7179507745,54.0,0.08630086574955662,-0.6618097813157044,0.08584600429574954,-0.6554170645724067,0.015436846713166804,0.18374590153835696
297,67,55,614.1933123417826,4407.07660776138,466.6332349019849,4378.7179507745,54.0,0.08630086574955662,-0.4430588888314023,0.08584600429574954,-0.43339913913423345,0.015436846713166804,0.14920720489596712
298,23,55,492.6610906216525,4339.6404706179,466.6332349019849,4378.7179507745,54.0,0.08630086574955662,-0.259255652277645,0.08584600429574954,-0.25939251535760605,0.015436846713166804,0.05499880294328249
299,56,55,677.3923123197425,4458.591690875839,466.6332349019849,4378.7179507745,54.0,0.08630086574955662,-0.858755452975039,0.08584600429574954,-0.8504800586204754,0.015436846713166804,0.2548714862586689
300,30,55,625.9985091941669,4344.425799606012,466.6332349019849,4378.7179507745,54.0,0.08630086574955662,-0.5410765465464653,0.08584600429574954,-0.534082759896762,0.015436846713166804,0.15740224100043382
301,26,56,492.46916862384336,4319.554466150916,447.1765556096275,4356.329542239,54.0,0.08630086574955662,-0.27005642243777017,0.08584600429574954,-0.2711560822243221,0.015436846713166804,0.07134753386090448
302,24,56,476.8845411410292,4318.364085281663,447.1765556096275,4356.329542239,54.0,0.08630086574955662,-0.23470019602475028,0.08584600429574954,-0.23687671251377823,0.015436846713166804,0.06111108750208965
303,16,56,513.1636048475955,4263.301540421994,447.1765556096275,4356.329542239,54.0,0.08630086574955662,-0.39814670584801476,0.08584600429574954,-0.397291954439025,0.015436846713166804,0.13195843296890475
304,44,56,472.0029937650396,4104.126300266757,447.1765556096275,4356.329542239,54.0,0.08630086574955662,-0.8084162307418749,0.08584600429574954,-0.7946510727734972,0.015436846713166804,0.23993318290868268
305,32,56,334.71484028241383,4482.861045979598,447.1765556096275,4356.329542239,54.0,0.08630086574955662,-0.6461466116715149,0.08584600429574954,-0.6422812808466786,0.015436846713166804,0.24495336425305272
306,67,56,614.1933123417826,4407.07660776138,447.1765556096275,4356.329542239,54.0,0.08630086574955662,-0.5437445534992217,0.08584600429574954,-0.5331131339989782,0.015436846713166804,0.17122919890439528
307,30,56,625.9985091941669,4344.425799606012,447.1765556096275,4356.329542239,54.0,0.08630086574955662,-0.7129590547090732,0.08584600429574954,-0.7064625225080926,0.015436846713166804,0.18598010667085474
308,23,56,489.0254816670088,4332.986241933166,447.1765556096275,4356.329542239,54.0,0.08630086574955662,-0.2321989152012247,0.08584600429574954,-0.2329759444455307,0.015436846713166804,0.058610573636691275
309,26,57,492.46916862384336,4319.554466150916,454.3164335836594,4338.138967133773,54.0,0.08630086574955662,-0.18803899836342017,0.08584600429574954,-0.18907199903655753,0.015436846713166804,0.05118402564380647
310,19,57,324.8153272931308,4135.979057138678,454.3164335836594,4338.138967133773,54.0,0.08630086574955662,-0.9566463095577404,0.08584600429574954,-0.9501496778086631,0.015436846713166804,0.31174341776254205
311,24,57,476.8845411410292,4318.364085281663,454.3164335836594,4338.138967133773,54.0,0.08630086574955662,-0.15438460869872048,0.08584600429574954,-0.15597048444772177,0.015436846713166804,0.03841018329106606
312,16,57,513.1636048475955,4263.301540421994,454.3164335836594,4338.138967133773,54.0,0.08630086574955662,-0.32533132574418616,0.08584600429574954,-0.324117564035628,0.015436846713166804,0.10916249423478475
313,23,57,482.95294926390704,4322.121679026849,454.3164335836594,4338.138967133773,54.0,0.08630086574955662,-0.1489233439312329,0.08584600429574954,-0.15022625795439262,0.015436846713166804,0.03943745484136749
314,32,57,334.71484028241383,4482.861045979598,454.3164335836594,4338.138967133773,54.0,0.08630086574955662,-0.7632672644131956,0.08584600429574954,-0.7603466032237384,0.015436846713166804,0.27205308481374585
315,44,57,472.0029937650396,4104.126300266757,454.3164335836594,4338.138967133773,54.0,0.08630086574955662,-0.7091991162538535,0.08584600429574954,-0.6962123700595374,0.015436846713166804,0.21306524943375663
316,22,57,301.6304881357929,4156.037775497009,454.3164335836594,4338.138967133773,54.0,0.08630086574955662,-1.0817178984479598,0.08584600429574954,-1.0789962760675194,0.015436846713166804,0.3336867403508981
317,30,57,625.9985091941669,4344.425799606012,454.3164335836594,4338.138967133773,54.0,0.08630086574955662,-0.6289152652346296,0.08584600429574954,-0.621991757489338,0.015436846713166804,0.17580858855650544
318,67,57,614.1933123417826,4407.07660776138,454.3164335836594,4338.138967133773,54.0,0.08630086574955662,-0.4887960068943864,0.08584600429574954,-0.4796019874361192,0.015436846713166804,0.15801690766393722
319,68,57,607.5300941255965,4399.875364871049,454.3164335836594,4338.138967133773,54.0,0.08630086574955662,-0.4315816407167421,0.08584600429574954,-0.4216141497724927,0.015436846713166804,0.1450057921841282
320,32,58,334.71484028241383,4482.861045979598,493.6928066659663,4597.231199427339,54.0,0.08630086574955662,-0.6075667167678562,0.08584600429574954,-0.5977807478575318,0.015436846713166804,0.2896495251228802
321,32,59,334.71484028241383,4482.861045979598,484.3679695761251,4575.18604113906,54.0,0.08630086574955662,-0.5399491375391874,0.08584600429574954,-0.5341858369429111,0.015436846713166804,0.2544905213744808
322,23,60,492.6610906216525,4339.6404706179,532.2627220778933,4557.589222026572,54.0,0.08630086574955662,-0.9581070281301417,0.08584600429574954,-0.9557880452842393,0.015436846713166804,0.2911673216018732
323,30,60,625.9985091941669,4344.425799606012,532.2627220778933,4557.589222026572,54.0,0.08630086574955662,-0.7005302688986587,0.08584600429574954,-0.6929315088338699,0.015436846713166804,0.29158386147447923
324,32,60,334.71484028241383,4482.861045979598,532.2627220778933,4557.589222026572,54.0,0.08630086574955662,-0.7199367552987445,0.08584600429574954,-0.7090570082113168,0.015436846713166804,0.31239250103509325
325,56,60,677.3923123197425,4458.591690875839,532.2627220778933,4557.589222026572,54.0,0.08630086574955662,-0.5711597595521515,0.08584600429574954,-0.562409369249934,0.015436846713166804,0.24975684172997376
326,59,60,687.7533482500393,4462.8415205037,532.2627220778933,4557.589222026572,54.0,0.08630086574955662,-0.5966245233210388,0.08584600429574954,-0.5856090188376752,0.015436846713166804,0.2692256106660301
327,57,60,688.226455777822,4457.521568699916,532.2627220778933,4557.589222026572,54.0,0.08630086574955662,-0.6158459714909215,0.08584600429574954,-0.6058075831217059,0.015436846713166804,0.27079428176009407
328,23,61,492.6610906216525,4339.6404706179,523.7563279528324,4473.568851454813,54.0,0.08630086574955662,-0.6189342701794132,0.08584600429574954,-0.6167141078018735,0.015436846713166804,0.16557254042797684
329,49,61,663.3163926639071,4436.617662823868,523.7563279528324,4473.568851454813,54.0,0.08630086574955662,-0.5516251246129249,0.08584600429574954,-0.5468518553620569,0.015436846713166804,0.1778786923282175
330,56,61,677.3923123197425,4458.591690875839,523.7563279528324,4473.568851454813,54.0,0.08630086574955662,-0.543216470306435,0.08584600429574954,-0.5401056739713355,0.015436846713166804,0.1910513599712784
331,30,61,625.9985091941669,4344.425799606012,523.7563279528324,4473.568851454813,54.0,0.08630086574955662,-0.3332030613977302,0.08584600429574954,-0.3223725471871748,0.015436846713166804,0.15853050239233288
332,57,61,688.226455777822,4457.521568699916,523.7563279528324,4473.568851454813,54.0,0.08630086574955662,-0.5976650765502454,0.08584600429574954,-0.5944728668693458,0.015436846713166804,0.20999854933911488
333,59,61,687.7533482500393,4462.8415205037,523.7563279528324,4473.568851454813,54.0,0.08630086574955662,-0.5942046509739729,0.08584600429574954,-0.5910218040167289,0.015436846713166804,0.20879069679337692
334,34,61,645.8872104090177,4370.307858894735,523.7563279528324,4473.568851454813,54.0,0.08630086574955662,-0.4763031181262584,0.08584600429574954,-0.46832328053196015,0.015436846713166804,0.18487700198045162
335,23,62,492.6610906216525,4339.6404706179,468.6871050542589,4480.412063966041,54.0,0.08630086574955662,-0.771569000731065,0.08584600429574954,-0.7702705103972785,0.015436846713166804,0.17883010821601533
336,30,62,625.9985091941669,4344.425799606012,468.6871050542589,4480.412063966041,54.0,0.08630086574955662,-0.5901502929537764,0.08584600429574954,-0.5782513911026772,0.015436846713166804,0.21143720861468587
337,32,62,334.71484028241383,4482.861045979598,468.6871050542589,4480.412063966041,54.0,0.08630086574955662,-0.4769862676162173,0.08584600429574954,-0.47430393760601885,0.015436846713166804,0.18298638466073797
338,32,63,334.71484028241383,4482.861045979598,409.3824134202946,4498.936102519641,54.0,0.08630086574955662,-0.24624621212483913,0.08584600429574954,-0.24400671177804134,0.015436846713166804,0.10288081526515168
339,23,63,492.6610906216525,4339.6404706179,409.3824134202946,4498.936102519641,54.0,0.08630086574955662,-0.6631268439335193,0.08584600429574954,-0.656540549892897,0.015436846713166804,0.22364237144844776
340,23,64,492.6610906216525,4339.6404706179,432.2908893266161,4514.445305024319,54.0,0.08630086574955662,-0.768735797935247,0.08584600429574954,-0.7650388287904826,0.015436846713166804,0.2338348135299045
341,32,64,334.71484028241383,4482.861045979598,432.2908893266161,4514.445305024319,54.0,0.08630086574955662,-0.30511654434314184,0.08584600429574954,-0.29919784657134074,0.015436846713166804,0.13775202780319626
342,30,65,625.9985091941669,4344.425799606012,492.89260402339454,4537.916828260732,54.0,0.08630086574955662,-0.6270249586864238,0.08584600429574954,-0.6190557015506822,0.015436846713166804,0.27255423921348687
343,23,65,492.6610906216525,4339.6404706179,492.89260402339454,4537.916828260732,54.0,0.08630086574955662,-1.110613459880321,0.08584600429574954,-1.1097110517495108,0.015436846713166804,0.2661997880619316
344,56,65,677.3923123197425,4458.591690875839,492.89260402339454,4537.916828260732,54.0,0.08630086574955662,-0.6943036516968576,0.08584600429574954,-0.6871836477661645,0.015436846713166804,0.2843296086690913
345,32,65,334.71484028241383,4482.861045979598,492.89260402339454,4537.916828260732,54.0,0.08630086574955662,-0.5608502451070867,0.08584600429574954,-0.5525295321416337,0.015436846713166804,0.2414497252454545
346,32,66,334.71484028241383,4482.861045979598,442.1326126035325,4553.206528131934,54.0,0.08630086574955662,-0.3645688442700718,0.08584600429574954,-0.3581148172770667,0.015436846713166804,0.17926268121693872
347,23,66,492.6610906216525,4339.6404706179,442.1326126035325,4553.206528131934,54.0,0.08630086574955662,-1.0190579533894137,0.08584600429574954,-1.0158747921355715,0.015436846713166804,0.29520572193955175
348,30,67,625.9985091941669,4344.425799606012,493.1570022965957,4505.480440009388,54.0,0.08630086574955662,-0.5190589037395243,0.08584600429574954,-0.5090817211964757,0.015436846713166804,0.21951735510274178
349,32,67,334.71484028241383,4482.861045979598,493.1570022965957,4505.480440009388,54.0,0.08630086574955662,-0.6063429916778912,0.08584600429574954,-0.602591595563741,0.015436846713166804,0.228007178188099
350,23,67,492.6610906216525,4339.6404706179,493.1570022965957,4505.480440009388,54.0,0.08630086574955662,-0.9538210395819727,0.08584600429574954,-0.9530774531325926,0.015436846713166804,0.21242071661115097
351,57,67,688.226455777822,4457.521568699916,493.1570022965957,4505.480440009388,54.0,0.08630086574955662,-0.7112473767600437,0.08584600429574954,-0.7093888926731493,0.015436846713166804,0.27358519370176004
352,56,67,677.3923123197425,4458.591690875839,493.1570022965957,4505.480440009388,54.0,0.08630086574955662,-0.6608741589531824,0.08584600429574954,-0.6594375317983778,0.015436846713166804,0.25414779952448385
353,32,68,334.71484028241383,4482.861045979598,492.7167606133789,4597.298731191927,54.0,0.08630086574955662,-0.6046275517158385,0.08584600429574954,-0.5946462691758526,0.015436846713166804,0.2885112759074214
354,67,69,614.1933123417826,4407.07660776138,499.1284447513814,4564.733863047741,54.0,0.08630086574955662,-0.6770855141490687,0.08584600429574954,-0.6685053470897626,0.015436846713166804,0.2654212721109275
355,32,69,334.71484028241383,4482.861045979598,499.1284447513814,4564.733863047741,54.0,0.08630086574955662,-0.5877951991685484,0.08584600429574954,-0.5811128026493387,0.015436846713166804,0.2677492811872994
356,56,69,677.3923123197425,4458.591690875839,499.1284447513814,4564.733863047741,54.0,0.08630086574955662,-0.6936550492397984,0.08584600429574954,-0.6842660721039532,0.015436846713166804,0.2976225323280833
357,49,70,663.3163926639071,4436.617662823868,508.7065167837801,4522.821433130314,54.0,0.08630086574955662,-0.665285409658489,0.08584600429574954,-0.6633379640645698,0.015436846713166804,0.2404093101194007
358,23,70,492.6610906216525,4339.6404706179,508.7065167837801,4522.821433130314,54.0,0.08630086574955662,-0.9379676802315576,0.08584600429574954,-0.9403183738820461,0.015436846713166804,0.23581897223635948
359,68,70,607.5300941255965,4399.875364871049,508.7065167837801,4522.821433130314,54.0,0.08630086574955662,-0.4746257279349203,0.08584600429574954,-0.4705183615123185,0.015436846713166804,0.19451597816388522
360,32,70,334.71484028241383,4482.861045979598,508.7065167837801,4522.821433130314,54.0,0.08630086574955662,-0.6759550440567579,0.08584600429574954,-0.6697940926241209,0.015436846713166804,0.2607126979659534
361,30,70,625.9985091941669,4344.425799606012,508.7065167837801,4522.821433130314,54.0,0.08630086574955662,-0.5378882613886975,0.08584600429574954,-0.5299999643634994,0.015436846713166804,0.2398382731487695
362,67,70,614.1933123417826,4407.07660776138,508.7065167837801,4522.821433130314,54.0,0.08630086574955662,-0.5267487035722578,0.08584600429574954,-0.5239609650254355,0.015436846713166804,0.19865505534173733
363,57,70,688.226455777822,4457.521568699916,508.7065167837801,4522.821433130314,54.0,0.08630086574955662,-0.663875420407547,0.08584600429574954,-0.6600220563670494,0.015436846713166804,0.2687659767190043
364,56,70,677.3923123197425,4458.591690875839,508.7065167837801,4522.821433130314,54.0,0.08630086574955662,-0.6169341904540356,0.08584600429574954,-0.6132891605976062,0.015436846713166804,0.24925075073907327
365,68,71,607.5300941255965,4399.875364871049,531.4531433032308,4535.094421349946,54.0,0.08630086574955662,-0.4889822458988977,0.08584600429574954,-0.48302128510750597,0.015436846713166804,0.1970260198356638
366,67,71,614.1933123417826,4407.07660776138,531.4531433032308,4535.094421349946,54.0,0.08630086574955662,-0.5063832035683942,0.08584600429574954,-0.5010847690766621,0.015436846713166804,0.19782916486592056
367,49,71,663.3163926639071,4436.617662823868,531.4531433032308,4535.094421349946,54.0,0.08630086574955662,-0.591699945155654,0.08584600429574954,-0.5869704279172557,0.015436846713166804,0.2244118791459263
368,32,71,334.71484028241383,4482.861045979598,531.4531433032308,4535.094421349946,54.0,0.08630086574955662,-0.7596725197021222,0.08584600429574954,-0.7497735205040296,0.015436846713166804,0.30083008436079833
369,23,71,492.6610906216525,4339.6404706179,531.4531433032308,4535.094421349946,54.0,0.08630086574955662,-0.8597367003822463,0.08584600429574954,-0.856435472467853,0.015436846713166804,0.2551186228953455
370,30,71,625.9985091941669,4344.425799606012,531.4531433032308,4535.094421349946,54.0,0.08630086574955662,-0.6136946252863698,0.08584600429574954,-0.6060876095939277,0.015436846713166804,0.2563132886091274
371,56,71,677.3923123197425,4458.591690875839,531.4531433032308,4535.094421349946,54.0,0.08630086574955662,-0.5389354111453587,0.08584600429574954,-0.5334148735337018,0.015436846713166804,0.22782335623997382
372,59,71,687.7533482500393,4462.8415205037,531.4531433032308,4535.094421349946,54.0,0.08630086574955662,-0.564325401497632,0.08584600429574954,-0.5568600669937375,0.015436846713166804,0.24668739217778696
373,23,72,492.6610906216525,4339.6404706179,417.5417981826776,4510.920120596271,54.0,0.08630086574955662,-0.7134209270172688,0.08584600429574954,-0.7078095900534456,0.015436846713166804,0.2332388380127113
374,32,72,334.71484028241383,4482.861045979598,417.5417981826776,4510.920120596271,54.0,0.08630086574955662,-0.256275144225453,0.08584600429574954,-0.25166274147783513,0.015436846713166804,0.11653835600200715
375,67,73,614.1933123417826,4407.07660776138,441.93857113184015,4512.542727438793,54.0,0.08630086574955662,-0.7344971983228179,0.08584600429574954,-0.7291275215972031,0.015436846713166804,0.25594295869547956
376,23,73,492.6610906216525,4339.6404706179,441.93857113184015,4512.542727438793,54.0,0.08630086574955662,-0.7948217017356446,0.08584600429574954,-0.7912062522659327,0.015436846713166804,0.2286762661934373
377,32,73,334.71484028241383,4482.861045979598,441.93857113184015,4512.542727438793,54.0,0.08630086574955662,-0.3450354706168599,0.08584600429574954,-0.33882770043225524,0.015436846713166804,0.15112300826571853
378,30,73,625.9985091941669,4344.425799606012,441.93857113184015,4512.542727438793,54.0,0.08630086574955662,-0.7719156883529932,0.08584600429574954,-0.7597098479722507,0.015436846713166804,0.27464009712989873
379,67,74,614.1933123417826,4407.07660776138,445.0125303850925,4496.766849919227,54.0,0.08630086574955662,-0.6772932940814247,0.08584600429574954,-0.6729542200922505,0.015436846713166804,0.23352024948038952
380,23,74,492.6610906216525,4339.6404706179,445.0125303850925,4496.766849919227,54.0,0.08630086574955662,-0.726206063720569,0.08584600429574954,-0.7234824910496268,0.015436846713166804,0.20513692843308012
381,30,74,625.9985091941669,4344.425799606012,445.0125303850925,4496.766849919227,54.0,0.08630086574955662,-0.7206241341740811,0.08584600429574954,-0.7085447285208463,0.015436846713166804,0.25257134181524354
382,32,74,334.71484028241383,4482.861045979598,445.0125303850925,4496.766849919227,54.0,0.08630086574955662,-0.3689198197206981,0.08584600429574954,-0.36601292233752664,0.015436846713166804,0.1498148657137413
383,23,75,492.6610906216525,4339.6404706179,471.62633083117146,4495.418984338536,54.0,0.08630086574955662,-0.8902313818091154,0.08584600429574954,-0.8896968480641464,0.015436846713166804,0.19903152489190837
384,30,75,625.9985091941669,4344.425799606012,471.62633083117146,4495.418984338536,54.0,0.08630086574955662,-0.6123872481696895,0.08584600429574954,-0.6015168186762245,0.015436846713166804,0.22511265309471357
385,32,75,334.71484028241383,4482.861045979598,471.62633083117146,4495.418984338536,54.0,0.08630086574955662,-0.4934978164522257,0.08584600429574954,-0.49084371254034315,0.015436846713166804,0.18807533237994245
386,49,76,663.3163926639071,4436.617662823868,499.5768344061536,4492.134792576995,54.0,0.08630086574955662,-0.6571925184819153,0.08584600429574954,-0.6537691060994671,0.015436846713166804,0.21956710724903034
387,56,76,677.3923123197425,4458.591690875839,499.5768344061536,4492.134792576995,54.0,0.08630086574955662,-0.6332470882619934,0.08584600429574954,-0.6321449476479383,0.015436846713166804,0.23540733022664212
388,23,76,492.6610906216525,4339.6404706179,499.5768344061536,4492.134792576995,54.0,0.08630086574955662,-0.8833289762197213,0.08584600429574954,-0.8825951519366368,0.015436846713166804,0.19207486436066248
389,30,76,625.9985091941669,4344.425799606012,499.5768344061536,4492.134792576995,54.0,0.08630086574955662,-0.45067108434800995,0.08584600429574954,-0.44051738245437977,0.015436846713166804,0.19585270269377852
390,32,76,334.71484028241383,4482.861045979598,499.5768344061536,4492.134792576995,54.0,0.08630086574955662,-0.6435310407849677,0.08584600429574954,-0.6408668616500464,0.015436846713166804,0.22858485229315542
391,67,76,614.1933123417826,4407.07660776138,499.5768344061536,4492.134792576995,54.0,0.08630086574955662,-0.43665962660024166,0.08584600429574954,-0.43257278199842214,0.015436846713166804,0.16910656294422613
392,68,76,607.5300941255965,4399.875364871049,499.5768344061536,4492.134792576995,54.0,0.08630086574955662,-0.38699505080082747,0.08584600429574954,-0.38175206258743505,0.015436846713166804,0.16394839459881835
393,57,76,688.226455777822,4457.521568699916,499.5768344061536,4492.134792576995,54.0,0.08630086574955662,-0.6856214951015742,0.08584600429574954,-0.6844486852313173,0.015436846713166804,0.2544646607680576
394,68,77,607.5300941255965,4399.875364871049,513.0918490821646,4492.656885412151,54.0,0.08630086574955662,-0.3540748837710509,0.08584600429574954,-0.34842434436663977,0.015436846713166804,0.15207477047893628
395,57,77,688.226455777822,4457.521568699916,513.0918490821646,4492.656885412151,54.0,0.08630086574955662,-0.6270397262425919,0.08584600429574954,-0.6254623522854,0.015436846713166804,0.2363733979795519
396,34,77,645.8872104090177,4370.307858894735,513.0918490821646,4492.656885412151,54.0,0.08630086574955662,-0.5770873133610364,0.08584600429574954,-0.5698793371700458,0.015436846713166804,0.2158310255630393
397,49,77,663.3163926639071,4436.617662823868,513.0918490821646,4492.656885412151,54.0,0.08630086574955662,-0.6043019977260911,0.08584600429574954,-0.6009894087595868,0.015436846713166804,0.20382710345131813
398,32,77,334.71484028241383,4482.861045979598,513.0918490821646,4492.656885412151,54.0,0.08630086574955662,-0.6959174842364283,0.08584600429574954,-0.6935860670461371,0.015436846713166804,0.24742072596082354
399,30,77,625.9985091941669,4344.425799606012,513.0918490821646,4492.656885412151,54.0,0.08630086574955662,-0.4165079030065337,0.08584600429574954,-0.4063245237264071,0.015436846713166804,0.1901425661477444
400,56,77,677.3923123197425,4458.591690875839,513.0918490821646,4492.656885412151,54.0,0.08630086574955662,-0.5751675369797775,0.08584600429574954,-0.5737625043514404,0.015436846713166804,0.2172676695202105
401,23,77,492.6610906216525,4339.6404706179,513.0918490821646,4492.656885412151,54.0,0.08630086574955662,-0.7493363436466269,0.08584600429574954,-0.7484770729569518,0.015436846713166804,0.18859089019486366
402,67,77,614.1933123417826,4407.07660776138,513.0918490821646,4492.656885412151,54.0,0.08630086574955662,-0.4043537690542033,0.08584600429574954,-0.39996802785261076,0.015436846713166804,0.15651358338689075
403,69,77,685.3230867940251,4391.141433827922,513.0918490821646,4492.656885412151,54.0,0.08630086574955662,-0.8233495990087178,0.08584600429574954,-0.8205483670482189,0.015436846713166804,0.2698962686486747
404,68,78,607.5300941255965,4399.875364871049,537.6705968009035,4492.163362940774,54.0,0.08630086574955662,-0.3323135339270652,0.08584600429574954,-0.3273610624620583,0.015436846713166804,0.1342919735513019
405,57,78,688.226455777822,4457.521568699916,537.6705968009035,4492.163362940774,54.0,0.08630086574955662,-0.5416470541943594,0.08584600429574954,-0.5394838208247934,0.015436846713166804,0.20586438168548196
406,56,78,677.3923123197425,4458.591690875839,537.6705968009035,4492.163362940774,54.0,0.08630086574955662,-0.49056898429132456,0.08584600429574954,-0.4887697600760166,0.015436846713166804,0.1866915722066148
407,32,78,334.71484028241383,4482.861045979598,537.6705968009035,4492.163362940774,54.0,0.08630086574955662,-0.770768469211098,0.08584600429574954,-0.7680226026878643,0.015436846713166804,0.2793442077859231
408,69,78,685.3230867940251,4391.141433827922,537.6705968009035,4492.163362940774,54.0,0.08630086574955662,-0.7508775264889558,0.08584600429574954,-0.7480046429263225,0.015436846713166804,0.24511582230812246
409,59,78,687.7533482500393,4462.8415205037,537.6705968009035,4492.163362940774,54.0,0.08630086574955662,-0.5215717664745739,0.08584600429574954,-0.5182809002883111,0.015436846713166804,0.20486313950291318
410,67,78,614.1933123417826,4407.07660776138,537.6705968009035,4492.163362940774,54.0,0.08630086574955662,-0.37641013591268296,0.08584600429574954,-0.37286466182711747,0.015436846713166804,0.13721876860111148
411,34,78,645.8872104090177,4370.307858894735,537.6705968009035,4492.163362940774,54.0,0.08630086574955662,-0.5881931699139216,0.08584600429574954,-0.582649244090272,0.015436846713166804,0.19987907155007476
412,23,78,492.6610906216525,4339.6404706179,537.6705968009035,4492.163362940774,54.0,0.08630086574955662,-0.5933396078253773,0.08584600429574954,-0.5874657503101394,0.015436846713166804,0.1864132926155888
413,49,78,663.3163926639071,4436.617662823868,537.6705968009035,4492.163362940774,54.0,0.08630086574955662,-0.5280649946007951,0.08584600429574954,-0.525817886721084,0.015436846713166804,0.1771278478976827
414,30,78,625.9985091941669,4344.425799606012,537.6705968009035,4492.163362940774,54.0,0.08630086574955662,-0.4133568939774484,0.08584600429574954,-0.405049896535157,0.015436846713166804,0.1847164346127363
415,23,79,492.6610906216525,4339.6404706179,438.40901748778265,4488.9257188186375,54.0,0.08630086574955662,-0.6633233695134712,0.08584600429574954,-0.6607815110413205,0.015436846713166804,0.196399624893109
416,30,79,625.9985091941669,4344.425799606012,438.40901748778265,4488.9257188186375,54.0,0.08630086574955662,-0.7017652373420493,0.08584600429574954,-0.6887949268021551,0.015436846713166804,0.2531185988612299
417,32,79,334.71484028241383,4482.861045979598,438.40901748778265,4488.9257188186375,54.0,0.08630086574955662,-0.3422275691581271,0.08584600429574954,-0.33939832377865425,0.015436846713166804,0.13996018378598796
418,67,79,614.1933123417826,4407.07660776138,438.40901748778265,4488.9257188186375,54.0,0.08630086574955662,-0.6560491067408418,0.08584600429574954,-0.650789987791349,0.015436846713166804,0.23224315599277146
419,23,80,492.6610906216525,4339.6404706179,462.4116040953599,4481.584286994828,54.0,0.08630086574955662,-0.7371076801285622,0.08584600429574954,-0.7354969461278766,0.015436846713166804,0.1817933645172557
420,67,80,614.1933123417826,4407.07660776138,462.4116040953599,4481.584286994828,54.0,0.08630086574955662,-0.563758869883039,0.08584600429574954,-0.5590414144265032,0.015436846713166804,0.19869817561333963
421,30,80,625.9985091941669,4344.425799606012,462.4116040953599,4481.584286994828,54.0,0.08630086574955662,-0.6141281707269902,0.08584600429574954,-0.6018123363355172,0.015436846713166804,0.21925923617619786
422,32,80,334.71484028241383,4482.861045979598,462.4116040953599,4481.584286994828,54.0,0.08630086574955662,-0.44588856674794203,0.08584600429574954,-0.44312356102430284,0.015436846713166804,0.17370548942668926
423,67,81,614.1933123417826,4407.07660776138,507.8253002981468,4479.085241861512,54.0,0.08630086574955662,-0.37928985124381054,0.08584600429574954,-0.3749385420685273,0.015436846713166804,0.14793181067125855
424,32,81,334.71484028241383,4482.861045979598,507.8253002981468,4479.085241861512,54.0,0.08630086574955662,-0.6749018166995702,0.08584600429574954,-0.6724393386959862,0.015436846713166804,0.2397824505947422
425,68,81,607.5300941255965,4399.875364871049,507.8253002981468,4479.085241861512,54.0,0.08630086574955662,-0.32920993462333903,0.08584600429574954,-0.32361963089010765,0.015436846713166804,0.14264640355862163
426,69,81,685.3230867940251,4391.141433827922,507.8253002981468,4479.085241861512,54.0,0.08630086574955662,-0.8228446819311891,0.08584600429574954,-0.8208338547231273,0.015436846713166804,0.2627357633699094
427,23,81,492.6610906216525,4339.6404706179,507.8253002981468,4479.085241861512,54.0,0.08630086574955662,-0.7245969492125526,0.08584600429574954,-0.7239245530149382,0.015436846713166804,0.16920480632454687
428,49,81,663.3163926639071,4436.617662823868,507.8253002981468,4479.085241861512,54.0,0.08630086574955662,-0.6148754559249047,0.08584600429574954,-0.6105869100694586,0.015436846713166804,0.2008679374569221
429,34,81,645.8872104090177,4370.307858894735,507.8253002981468,4479.085241861512,54.0,0.08630086574955662,-0.5239182634958356,0.08584600429574954,-0.516112772271657,0.015436846713166804,0.20438758317347758
430,56,81,677.3923123197425,4458.591690875839,507.8253002981468,4479.085241861512,54.0,0.08630086574955662,-0.607572631808355,0.08584600429574954,-0.6050835331142876,0.015436846713166804,0.21596289582036296
431,59,81,687.7533482500393,4462.8415205037,507.8253002981468,4479.085241861512,54.0,0.08630086574955662,-0.6590347338664045,0.08584600429574954,-0.6567090063244865,0.015436846713166804,0.23501112556510603
432,30,81,625.9985091941669,4344.425799606012,507.8253002981468,4479.085241861512,54.0,0.08630086574955662,-0.39310300413963983,0.08584600429574954,-0.38253845631654404,0.015436846713166804,0.1738682630439432
433,57,81,688.226455777822,4457.521568699916,507.8253002981468,4479.085241861512,54.0,0.08630086574955662,-0.6621385386467765,0.08584600429574954,-0.6595722975311773,0.015436846713166804,0.23497655994255642
434,67,82,614.1933123417826,4407.07660776138,528.6107835631166,4477.670618395726,54.0,0.08630086574955662,-0.32799350953526474,0.08584600429574954,-0.32342931482521453,0.015436846713166804,0.12733804451843264
435,32,82,334.71484028241383,4482.861045979598,528.6107835631166,4477.670618395726,54.0,0.08630086574955662,-0.7490909649877678,0.08584600429574954,-0.7468604370917143,0.015436846713166804,0.26810756856446705
436,59,82,687.7533482500393,4462.8415205037,528.6107835631166,4477.670618395726,54.0,0.08630086574955662,-0.5845724421434105,0.08584600429574954,-0.5821823417088589,0.015436846713166804,0.20730947242730238
437,68,82,607.5300941255965,4399.875364871049,528.6107835631166,4477.670618395726,54.0,0.08630086574955662,-0.2797867811690729,0.08584600429574954,-0.2739640889867191,0.015436846713166804,0.12324818240493877
438,34,82,645.8872104090177,4370.307858894735,528.6107835631166,4477.670618395726,54.0,0.08630086574955662,-0.5002144351040144,0.08584600429574954,-0.49283807212047187,0.015436846713166804,0.18648840507343678
439,30,82,625.9985091941669,4344.425799606012,528.6107835631166,4477.670618395726,54.0,0.08630086574955662,-0.345900714346558,0.08584600429574954,-0.3357671988314471,0.015436846713166804,0.1635833432743936
440,57,82,688.226455777822,4457.521568699916,528.6107835631166,4477.670618395726,54.0,0.08630086574955662,-0.5888562181705034,0.08584600429574954,-0.5861588759103219,0.015436846713166804,0.20753125857892962
441,56,82,677.3923123197425,4458.591690875839,528.6107835631166,4477.670618395726,54.0,0.08630086574955662,-0.5343506387794963,0.08584600429574954,-0.5317301747124573,0.015436846713166804,0.18854101272202514
442,23,82,492.6610906216525,4339.6404706179,528.6107835631166,4477.670618395726,54.0,0.08630086574955662,-0.5977397740571713,0.08584600429574954,-0.5942271446381958,0.015436846713166804,0.16950639438989476
443,49,82,663.3163926639071,4436.617662823868,528.6107835631166,4477.670618395726,54.0,0.08630086574955662,-0.5414178004739792,0.08584600429574954,-0.5372049309679123,0.015436846713166804,0.17474658918346936
444,67,83,614.1933123417826,4407.07660776138,501.2323511637488,4460.633465574921,54.0,0.08630086574955662,-0.3400475009944298,0.08584600429574954,-0.33510375656149927,0.015436846713166804,0.1391054244223374
445,68,83,607.5300941255965,4399.875364871049,501.2323511637488,4460.633465574921,54.0,0.08630086574955662,-0.3096554743610563,0.08584600429574954,-0.30369823118697475,0.015436846713166804,0.13194866472789749
446,34,83,645.8872104090177,4370.307858894735,501.2323511637488,4460.633465574921,54.0,0.08630086574955662,-0.4755884209692853,0.08584600429574954,-0.46640897695091577,0.015436846713166804,0.18953447969449772
447,32,83,334.71484028241383,4482.861045979598,501.2323511637488,4460.633465574921,54.0,0.08630086574955662,-0.5845918296327884,0.08584600429574954,-0.579575418528465,0.015436846713166804,0.22140012333754586
448,57,83,688.226455777822,4457.521568699916,501.2323511637488,4460.633465574921,54.0,0.08630086574955662,-0.6894540008040955,0.08584600429574954,-0.6868686398140019,0.015436846713166804,0.2378355750680218
449,56,83,677.3923123197425,4458.591690875839,501.2323511637488,4460.633465574921,54.0,0.08630086574955662,-0.6351679359174993,0.08584600429574954,-0.6326648239276228,0.015436846713166804,0.21894187847137084
450,23,83,492.6610906216525,4339.6404706179,501.2323511637488,4460.633465574921,54.0,0.08630086574955662,-0.701418501719456,0.08584600429574954,-0.7011417839382817,0.015436846713166804,0.14780798187055488
451,30,83,625.9985091941669,4344.425799606012,501.2323511637488,4460.633465574921,54.0,0.08630086574955662,-0.3853572496148779,0.08584600429574954,-0.3740969154880732,0.015436846713166804,0.16177550460271686
452,16,83,513.1636048475955,4263.301540421994,501.2323511637488,4460.633465574921,54.0,0.08630086574955662,-0.5749390814269755,0.08584600429574954,-0.5664893642323976,0.015436846713166804,0.21650823070524608
453,49,83,663.3163926639071,4436.617662823868,501.2323511637488,4460.633465574921,54.0,0.08630086574955662,-0.6680584053780027,0.08584600429574954,-0.6653523047927239,0.015436846713166804,0.20293066405417354
454,59,83,687.7533482500393,4462.8415205037,501.2323511637488,4460.633465574921,54.0,0.08630086574955662,-0.6874548723116414,0.08584600429574954,-0.6848717103739899,0.015436846713166804,0.23713865662298236
455,10,84,331.5278665142546,3788.394860859632,438.2680378591523,3890.741886506603,54.0,0.08630086574955662,-0.7098143690569678,0.08584600429574954,-0.7057214455513087,0.015436846713166804,0.24261967767281173
456,44,84,482.2902751987267,4093.226876078621,438.2680378591523,3890.741886506603,54.0,0.08630086574955662,-0.7843975917611222,0.08584600429574954,-0.7771761170828002,0.015436846713166804,0.26120784601980945
457,13,84,350.3727630331359,3756.461999998863,438.2680378591523,3890.741886506603,54.0,0.08630086574955662,-0.7141963448894137,0.08584600429574954,-0.7080383871957164,0.015436846713166804,0.2746492033677759
458,39,84,491.6009153175041,3965.873607703836,438.2680378591523,3890.741886506603,54.0,0.08630086574955662,-0.38731665612113686,0.08584600429574954,-0.3864262376765938,0.015436846713166804,0.14703858056355812
459,5,85,328.01618259779593,3866.898866582476,399.3173244151503,3863.428141230935,54.0,0.08630086574955662,-0.358830514988281,0.08584600429574954,-0.35665492824028344,0.015436846713166804,0.11092847229179537
460,12,85,339.7794838460253,3807.442051326752,399.3173244151503,3863.428141230935,54.0,0.08630086574955662,-0.4306866229056634,0.08584600429574954,-0.4275232270365167,0.015436846713166804,0.13313243442791922
461,25,85,278.7601371768536,3840.6549618706185,399.3173244151503,3863.428141230935,54.0,0.08630086574955662,-0.5725734984998596,0.08584600429574954,-0.5722986868911712,0.015436846713166804,0.18748055842936534
462,38,85,292.2609771757026,3909.816818957042,399.3173244151503,3863.428141230935,54.0,0.08630086574955662,-0.45577423477939544,0.08584600429574954,-0.4534437340029858,0.015436846713166804,0.1648951728934685
463,13,85,350.3727630331359,3756.461999998863,399.3173244151503,3863.428141230935,54.0,0.08630086574955662,-0.5671902266610388,0.08584600429574954,-0.5631508585581084,0.015436846713166804,0.19470188690563875
464,66,86,493.8518825171933,3956.000689079267,483.9940430056478,3954.482440948912,54.0,0.08630086574955662,-0.049049933345189284,0.08584600429574954,-0.0491639893041189,0.015436846713166804,0.022303964461434633
465,19,86,309.4846467710166,4112.556925703692,483.9940430056478,3954.482440948912,54.0,0.08630086574955662,-0.6760084796235719,0.08584600429574954,-0.6681303053824795,0.015436846713166804,0.28148632699457665
466,36,86,587.79522063936,3965.30735379632,483.9940430056478,3954.482440948912,54.0,0.08630086574955662,-0.40631970857209543,0.08584600429574954,-0.4050762228547977,0.015436846713166804,0.16002570761069357
467,44,86,482.2902751987267,4093.226876078621,483.9940430056478,3954.482440948912,54.0,0.08630086574955662,-0.517404127913582,0.08584600429574954,-0.5133751195784813,0.015436846713166804,0.15807674005613795
468,48,86,542.8497150079456,3957.433060143872,483.9940430056478,3954.482440948912,54.0,0.08630086574955662,-0.2187156593941466,0.08584600429574954,-0.2185601487636299,0.015436846713166804,0.09093234414521248
469,41,86,461.8106926932424,4070.996636995212,483.9940430056478,3954.482440948912,54.0,0.08630086574955662,-0.2702266861695236,0.08584600429574954,-0.2645746303977665,0.015436846713166804,0.1209248024376112
470,39,86,491.6009153175041,3965.873607703836,483.9940430056478,3954.482440948912,54.0,0.08630086574955662,-0.04596740309915542,0.08584600429574954,-0.04607429124114497,0.015436846713166804,0.020902277642107284
471,62,86,438.3970135664206,3912.290557700556,483.9940430056478,3954.482440948912,54.0,0.08630086574955662,-0.2906684492674093,0.08584600429574954,-0.2897711319687965,0.015436846713166804,0.10290509589733249
472,44,87,482.2902751987267,4093.226876078621,405.70298123725416,3888.881550381844,54.0,0.08630086574955662,-0.8290840983611975,0.08584600429574954,-0.818882066126975,0.015436846713166804,0.2753524735194724
473,38,87,292.2609771757026,3909.816818957042,405.70298123725416,3888.881550381844,54.0,0.08630086574955662,-0.41234527744134986,0.08584600429574954,-0.408393006431899,0.015436846713166804,0.16352710564630443
474,66,87,493.8518825171933,3956.000689079267,405.70298123725416,3888.881550381844,54.0,0.08630086574955662,-0.46736987175826,0.08584600429574954,-0.46321925680100257,0.015436846713166804,0.17557098017699024
475,62,87,438.3970135664206,3912.290557700556,405.70298123725416,3888.881550381844,54.0,0.08630086574955662,-0.18302534370840357,0.08584600429574954,-0.17954604049824457,0.015436846713166804,0.07246411776847958
476,25,87,278.7601371768536,3840.6549618706185,405.70298123725416,3888.881550381844,54.0,0.08630086574955662,-0.6131605887824116,0.08584600429574954,-0.6118364097716205,0.015436846713166804,0.20275983111972942
477,63,87,316.49031405012005,3929.154743051912,405.70298123725416,3888.881550381844,54.0,0.08630086574955662,-0.3884357349188577,0.08584600429574954,-0.3853536510466198,0.015436846713166804,0.1480027118639484
478,66,88,493.8518825171933,3956.000689079267,439.8810999468909,3892.2504618222415,54.0,0.08630086574955662,-0.3682558681817537,0.08584600429574954,-0.36707559400049117,0.015436846713166804,0.1414069657168872
479,62,88,438.3970135664206,3912.290557700556,439.8810999468909,3892.2504618222415,54.0,0.08630086574955662,-0.12529085044383603,0.08584600429574954,-0.12444516764003849,0.015436846713166804,0.047725756213884814
480,44,88,482.2902751987267,4093.226876078621,439.8810999468909,3892.2504618222415,54.0,0.08630086574955662,-0.7811834211463413,0.08584600429574954,-0.7742015891848484,0.015436846713166804,0.2589421347345995
481,44,89,482.2902751987267,4093.226876078621,417.93323151559457,3883.194833483968,54.0,0.08630086574955662,-0.8302845714241098,0.08584600429574954,-0.8187209175564651,0.015436846713166804,0.2751101004738345
482,14,90,-191.8510249122208,3920.732064928668,-211.8566308583572,3780.2278417033567,54.0,0.08630086574955662,-0.38767355205729676,0.08584600429574954,-0.3800813590628854,0.015436846713166804,0.17664852207910062
483,14,91,-191.8510249122208,3920.732064928668,-232.50749778238068,3782.3671187936193,54.0,0.08630086574955662,-0.5055416436931424,0.08584600429574954,-0.5000018343817585,0.015436846713166804,0.18410035930590143
484,3,91,-366.6419945922364,3850.319998086217,-232.50749778238068,3782.3671187936193,54.0,0.08630086574955662,-0.606493965016968,0.08584600429574954,-0.5970852027164216,0.015436846713166804,0.22189261820440603
485,14,92,-191.8510249122208,3920.732064928668,-249.434903675779,3769.226507874873,54.0,0.08630086574955662,-0.6036623955598064,0.08584600429574954,-0.5982490449205694,0.015436846713166804,0.21183103968621875
486,14,93,-191.8510249122208,3920.732064928668,-242.0482437829181,3751.134167359726,54.0,0.08630086574955662,-0.6188244106797517,0.08584600429574954,-0.6104275391949423,0.015436846713166804,0.23449346419748254
487,14,94,-191.8510249122208,3920.732064928668,-266.50826610237664,3773.10118133424,54.0,0.08630086574955662,-0.6467881378979057,0.08584600429574954,-0.6413381109731109,0.015436846713166804,0.22145100222157277
488,3,94,-366.6419945922364,3850.319998086217,-266.50826610237664,3773.10118133424,54.0,0.08630086574955662,-0.5354978741684784,0.08584600429574954,-0.5285676203417503,0.015436846713166804,0.19392300340118437
489,14,95,-191.8510249122208,3920.732064928668,-261.851117436295,3751.731866216136,54.0,0.08630086574955662,-0.6983446507820614,0.08584600429574954,-0.6923820961548981,0.015436846713166804,0.24687037056006558
490,14,96,-191.8510249122208,3920.732064928668,-273.54552490604937,3732.368951402428,54.0,0.08630086574955662,-0.7931925829126574,0.08584600429574954,-0.7854041012022359,0.015436846713166804,0.2848726608192317
491,14,97,-191.8510249122208,3920.732064928668,-286.40547055304944,3707.690202627389,54.0,0.08630086574955662,-0.9172898009192059,0.08584600429574954,-0.9065582986100179,0.015436846713166804,0.3348534886799936
492,0,98,-365.9515667162114,3575.364210182562,-295.27916453833205,3677.430347998145,54.0,0.08630086574955662,-0.5191174460385688,0.08584600429574954,-0.5081956352945122,0.015436846713166804,0.2249535764452239
493,14,99,-191.8510249122208,3920.732064928668,-180.1634550721395,3777.199243510129,54.0,0.08630086574955662,-0.3006849975394741,0.08584600429574954,-0.28783043253789103,0.015436846713166804,0.16979522638930641
494,14,100,-191.8510249122208,3920.732064928668,-234.43386839926305,3779.796387654249,54.0,0.08630086574955662,-0.5205589298662925,0.08584600429574954,-0.5149845915146862,0.015436846713166804,0.18842022775822162
495,14,101,-191.8510249122208,3920.732064928668,-260.50809694938306,3760.451821500796,54.0,0.08630086574955662,-0.6691775297080175,0.08584600429574954,-0.6635725920832112,0.015436846713166804,0.23379558580461499
496,14,102,-191.8510249122208,3920.732064928668,-264.3272909714222,3718.592099740594,54.0,0.08630086574955662,-0.8016007019426376,0.08584600429574954,-0.7914772157965276,0.015436846713166804,0.29826088588341254
497,14,103,-191.8510249122208,3920.732064928668,-267.51083232093475,3737.598467303164,54.0,0.08630086574955662,-0.7584398070008542,0.08584600429574954,-0.7513389184710484,0.015436846713166804,0.2720067233800132
498,14,104,-191.8510249122208,3920.732064928668,-243.5468369526614,3739.808061808414,54.0,0.08630086574955662,-0.6535708557807987,0.08584600429574954,-0.6446427113830369,0.015436846713166804,0.2528169843300278
499,46,105,-260.0556528336838,3915.584287356416,-232.63202339448617,3812.066692082,54.0,0.08630086574955662,-0.40014353859081964,0.08584600429574954,-0.40085171542935005,0.015436846713166804,0.14502154537475306
500,9,106,9.936533141897351,4088.226647492491,64.52109444086341,4019.163586406923,54.0,0.08630086574955662,-0.27513817556647807,0.08584600429574954,-0.2730491592070652,0.015436846713166804,0.12169621957946272
501,9,107,9.936533141897351,4088.226647492491,50.64002016635105,3999.750500246569,54.0,0.08630086574955662,-0.3587310307565794,0.08584600429574954,-0.35882589171792906,0.015436846713166804,0.1420660388719905
502,9,108,9.936533141897351,4088.226647492491,64.39756801276334,3984.373306734942,54.0,0.08630086574955662,-0.41801417806150376,0.08584600429574954,-0.41776563400439526,0.015436846713166804,0.17092927264761798
503,9,109,9.936533141897351,4088.226647492491,65.97166449095862,3969.425317258588,54.0,0.08630086574955662,-0.49067273140286866,0.08584600429574954,-0.49205194698006727,0.015436846713166804,0.19570876106105092
504,9,110,9.936533141897351,4088.226647492491,109.02350281496352,3982.61103169607,54.0,0.08630086574955662,-0.4758836407338599,0.08584600429574954,-0.47097724202806635,0.015436846713166804,0.20148610700713657
505,25,110,264.330530090726,3842.899620060988,109.02350281496352,3982.61103169607,54.0,0.08630086574955662,-0.5848759088586195,0.08584600429574954,-0.5736860952709659,0.015436846713166804,0.2471449702437945
506,28,110,181.0656949265822,4007.0767963031503,109.02350281496352,3982.61103169607,54.0,0.08630086574955662,-0.3047683335523995,0.08584600429574954,-0.300747535704623,0.015436846713166804,0.10408144170847153
507,21,111,103.34699834515416,4117.964937310308,82.325137979417,4004.513518976007,54.0,0.08630086574955662,-0.36615211869067393,0.08584600429574954,-0.35915273256240204,0.015436846713166804,0.15231160648587488
508,9,111,9.936533141897351,4088.226647492491,82.325137979417,4004.513518976007,54.0,0.08630086574955662,-0.34341869843402817,0.08584600429574954,-0.3400488589549665,0.015436846713166804,0.1528044169852801
509,14,112,-191.2861040228232,3920.912450661129,53.90910149208794,3989.530166634408,54.0,0.08630086574955662,-1.196212306872676,0.08584600429574954,-1.1886521436008717,0.015436846713166804,0.3897689993453724
510,9,112,9.936533141897351,4088.226647492491,53.90910149208794,3989.530166634408,54.0,0.08630086574955662,-0.4048668523610633,0.08584600429574954,-0.40560763609485073,0.015436846713166804,0.1593177984543988
511,9,113,9.936533141897351,4088.226647492491,111.96084943887492,3986.0180498356895,54.0,0.08630086574955662,-0.4682931377637949,0.08584600429574954,-0.4631716012467789,0.015436846713166804,0.2002868518631662
512,21,113,103.34699834515416,4117.964937310308,111.96084943887492,3986.0180498356895,54.0,0.08630086574955662,-0.44132519940366094,0.08584600429574954,-0.43245262465238865,0.015436846713166804,0.16625225269161856
513,14,114,-191.2861040228232,3920.912450661129,34.82625588277541,3947.134417683412,54.0,0.08630086574955662,-0.9744044681317705,0.08584600429574954,-0.9691999112497953,0.015436846713166804,0.33516466956159846
514,21,114,103.34699834515416,4117.964937310308,34.82625588277541,3947.134417683412,54.0,0.08630086574955662,-0.6877811505869292,0.08584600429574954,-0.6799167655133216,0.015436846713166804,0.2641325720525422
515,9,114,9.936533141897351,4088.226647492491,34.82625588277541,3947.134417683412,54.0,0.08630086574955662,-0.6723159916198627,0.08584600429574954,-0.6690722659659462,0.015436846713166804,0.228879891544197
516,9,115,9.936533141897351,4088.226647492491,49.8779388519763,3955.3007840830455,54.0,0.08630086574955662,-0.6010406928879998,0.08584600429574954,-0.6000000911907898,0.015436846713166804,0.2166730497047992
517,14,115,-191.2861040228232,3920.912450661129,49.8779388519763,3955.3007840830455,54.0,0.08630086574955662,-1.0730652042068984,0.08584600429574954,-1.0686825640495914,0.015436846713166804,0.3662997381613075
518,21,115,103.34699834515416,4117.964937310308,49.8779388519763,3955.3007840830455,54.0,0.08630086574955662,-0.5972766740437578,0.08584600429574954,-0.5902960808397982,0.015436846713166804,0.2419259983843954
519,21,116,103.34699834515416,4117.964937310308,-0.5652269469219027,3941.476215702092,54.0,0.08630086574955662,-0.8618545895114058,0.08584600429574954,-0.8568404632607057,0.015436846713166804,0.2954466922971433
520,9,116,9.936533141897351,4088.226647492491,-0.5652269469219027,3941.476215702092,54.0,0.08630086574955662,-0.7613280133120479,0.08584600429574954,-0.7580811075254028,0.015436846713166804,0.23347653082304753
521,14,116,-191.2861040228232,3920.912450661129,-0.5652269469219027,3941.476215702092,54.0,0.08630086574955662,-0.7793829262889145,0.08584600429574954,-0.7749313135421471,0.015436846713166804,0.2752237836062683
522,18,117,55.99463969610678,3684.4657106501672,21.2636292335316,3936.559139808564,54.0,0.08630086574955662,-0.6564490669544576,0.08584600429574954,-0.6310758465923407,0.015436846713166804,0.3221575783988639
523,21,117,103.34699834515416,4117.964937310308,21.2636292335316,3936.559139808564,54.0,0.08630086574955662,-0.7815166968946953,0.08584600429574954,-0.7725332461323479,0.015436846713166804,0.2887191787088755
524,9,117,9.936533141897351,4088.226647492491,21.2636292335316,3936.559139808564,54.0,0.08630086574955662,-0.7870384166667468,0.08584600429574954,-0.7838744153894575,0.015436846713166804,0.2416973558333899
525,14,117,-191.2861040228232,3920.912450661129,21.2636292335316,3936.559139808564,54.0,0.08630086574955662,-0.8972320772087832,0.08584600429574954,-0.8923744412303498,0.015436846713166804,0.3061689272135575
526,3,118,-366.6419945922364,3850.319998086217,-472.7063867237094,3794.624663755236,54.0,0.08630086574955662,-0.46785389265790145,0.08584600429574954,-0.46176862051729495,0.015436846713166804,0.18355750979513338
527,3,119,-366.6419945922364,3850.319998086217,-454.57744224532297,3790.9468804560206,54.0,0.08630086574955662,-0.3984334016282563,0.08584600429574954,-0.39161039627552025,0.015436846713166804,0.15894883671261553
528,14,120,-191.8510249122208,3920.732064928668,-436.2546998600079,3789.799142470708,54.0,0.08630086574955662,-1.0147312714967751,0.08584600429574954,-1.0061366096804014,0.015436846713166804,0.3807167147180191
529,14,121,-191.8510249122208,3920.732064928668,-428.38160283911657,3794.933062201984,54.0,0.08630086574955662,-0.9787533462127276,0.08584600429574954,-0.9708843623288366,0.015436846713166804,0.36576315733870157
530,20,121,-491.6557639897821,3775.103401039669,-428.38160283911657,3794.933062201984,54.0,0.08630086574955662,-0.27453884273621715,0.08584600429574954,-0.27238143750705,0.015436846713166804,0.10347869428790324
531,20,122,-491.6557639897821,3775.103401039669,-472.0782964220537,3762.796794072937,54.0,0.08630086574955662,-0.06497144327852958,0.08584600429574954,-0.06421690227005873,0.015436846713166804,0.02920956599053863
532,20,123,-491.6557639897821,3775.103401039669,-453.95203478698,3759.8842648612144,54.0,0.08630086574955662,-0.11675465682922202,0.08584600429574954,-0.11550776202102006,0.015436846713166804,0.05346583015244677
533,20,124,-491.6557639897821,3775.103401039669,-435.0261385222271,3755.544747653654,54.0,0.08630086574955662,-0.17847440681784948,0.08584600429574954,-0.1768911136033478,0.015436846713166804,0.08135598455104544
534,20,125,-491.6557639897821,3775.103401039669,-417.1161916408624,3760.9208472899154,54.0,0.08630086574955662,-0.2320888858851188,0.08584600429574954,-0.2299628833906535,0.015436846713166804,0.1049702014370061
535,20,126,-491.6557639897821,3775.103401039669,-447.1102371639245,3749.537456281792,54.0,0.08630086574955662,-0.14855439802263173,0.08584600429574954,-0.14693301416210458,0.015436846713166804,0.06819259175333836
536,20,127,-491.6557639897821,3775.103401039669,-469.39782637970393,3795.140930301476,54.0,0.08630086574955662,-0.12898989307557976,0.08584600429574954,-0.12891795093279879,0.015436846713166804,0.04834191475186141
537,20,128,-491.6557639897821,3775.103401039669,-450.1291765078887,3729.97633086938,54.0,0.08630086574955662,-0.1603940976622846,0.08584600429574954,-0.1574298490085943,0.015436846713166804,0.07695809742300644
538,44,129,472.0029937650396,4104.126300266757,492.9214799806672,4183.062189969636,54.0,0.08630086574955662,-0.10467046149906967,0.08584600429574954,-0.09709561044865661,0.015436846713166804,0.06327830017998724
539,60,129,462.2337953932308,4065.780960132662,492.9214799806672,4183.062189969636,54.0,0.08630086574955662,-0.2483230099248057,0.08584600429574954,-0.23918492638568883,0.015436846713166804,0.10041249220325371
540,35,129,583.2192292927565,4207.570440686977,492.9214799806672,4183.062189969636,54.0,0.08630086574955662,-0.40064802484776063,0.08584600429574954,-0.3995539694012658,0.015436846713166804,0.11633975345272504
541,24,129,476.8845411410292,4318.364085281663,492.9214799806672,4183.062189969636,54.0,0.08630086574955662,-0.3052699819640211,0.08584600429574954,-0.29716449028294206,0.015436846713166804,0.14227210495218898
542,41,129,461.8106926932424,4070.996636995212,492.9214799806672,4183.062189969636,54.0,0.08630086574955662,-0.2214954147455755,0.08584600429574954,-0.21236012239298746,0.015436846713166804,0.09325382829143594
543,27,129,413.6607163277177,4126.933692479007,492.9214799806672,4183.062189969636,54.0,0.08630086574955662,-0.174708854367076,0.08584600429574954,-0.16742029861661772,0.015436846713166804,0.08242983511194568
544,23,129,485.3312407692456,4298.036308618457,492.9214799806672,4183.062189969636,54.0,0.08630086574955662,-0.24156504109661459,0.08584600429574954,-0.2341168744067144,0.015436846713166804,0.11827406367984553
545,43,129,630.0947010611478,4141.259609929846,492.9214799806672,4183.062189969636,54.0,0.08630086574955662,-0.5378735240421139,0.08584600429574954,-0.5355373643542951,0.015436846713166804,0.18019368112668882
546,29,129,679.1344462972443,4226.875249913833,492.9214799806672,4183.062189969636,54.0,0.08630086574955662,-0.6426229470782162,0.08584600429574954,-0.6354547238460964,0.015436846713166804,0.23865219890752382
547,37,129,628.569594659982,4182.409690156388,492.9214799806672,4183.062189969636,54.0,0.08630086574955662,-0.5080165042049013,0.08584600429574954,-0.5052628481013682,0.015436846713166804,0.16845104756007476
548,31,129,286.22286085268047,4096.016113555928,492.9214799806672,4183.062189969636,54.0,0.08630086574955662,-0.6741035982760559,0.08584600429574954,-0.6638314838659803,0.015436846713166804,0.24034315426681463
549,61,129,463.203498736656,4062.892527800171,492.9214799806672,4183.062189969636,54.0,0.08630086574955662,-0.2651477230741842,0.08584600429574954,-0.25608202710889744,0.015436846713166804,0.1050550292509429
550,45,129,517.3116391169647,4113.7490927459785,492.9214799806672,4183.062189969636,54.0,0.08630086574955662,-0.21315574150071048,0.08584600429574954,-0.20815384419062966,0.015436846713166804,0.08365077286542356
551,30,129,625.9985091941669,4344.425799606012,492.9214799806672,4183.062189969636,54.0,0.08630086574955662,-1.0312634325940038,0.08584600429574954,-1.0264189901418548,0.015436846713166804,0.2561453292401716
552,60,130,462.2337953932308,4065.780960132662,464.921538708197,4188.681460967267,54.0,0.08630086574955662,-0.18842243546747045,0.08584600429574954,-0.17759545239584545,0.015436846713166804,0.07706262023785682
553,37,130,628.569594659982,4182.409690156388,464.921538708197,4188.681460967267,54.0,0.08630086574955662,-0.5467480932808849,0.08584600429574954,-0.5411525829937218,0.015436846713166804,0.19137711575193045
554,44,130,472.0029937650396,4104.126300266757,464.921538708197,4188.681460967267,54.0,0.08630086574955662,-0.050815541857883395,0.08584600429574954,-0.0415077107134492,0.015436846713166804,0.04168494804335994
555,40,130,580.3679443218005,4175.917211801147,464.921538708197,4188.681460967267,54.0,0.08630086574955662,-0.4288224609279409,0.08584600429574954,-0.42575395441230607,0.015436846713166804,0.13417827648932426
556,41,130,461.8106926932424,4070.996636995212,464.921538708197,4188.681460967267,54.0,0.08630086574955662,-0.16706029112129864,0.08584600429574954,-0.15639308174785171,0.015436846713166804,0.07170447604925301
557,43,130,630.0947010611478,4141.259609929846,464.921538708197,4188.681460967267,54.0,0.08630086574955662,-0.5706361808600562,0.08584600429574954,-0.5652356239229904,0.015436846713166804,0.20309665994808188
558,29,130,679.1344462972443,4226.875249913833,464.921538708197,4188.681460967267,54.0,0.08630086574955662,-0.6520295620499471,0.08584600429574954,-0.6424918634000666,0.015436846713166804,0.2574663123704547
559,35,130,583.2192292927565,4207.570440686977,464.921538708197,4188.681460967267,54.0,0.08630086574955662,-0.4157898232765389,0.08584600429574954,-0.41225372476741007,0.015436846713166804,0.1357611594119715
560,24,130,476.8845411410292,4318.364085281663,464.921538708197,4188.681460967267,54.0,0.08630086574955662,-0.48941716422049947,0.08584600429574954,-0.4831291962552224,0.015436846713166804,0.14259716596757088
561,23,130,485.3312407692456,4298.036308618457,464.921538708197,4188.681460967267,54.0,0.08630086574955662,-0.20578622433467048,0.08584600429574954,-0.1963940773116394,0.015436846713166804,0.10667378120901969
562,30,130,625.9985091941669,4344.425799606012,464.921538708197,4188.681460967267,54.0,0.08630086574955662,-0.9374083010721462,0.08584600429574954,-0.9329528301988674,0.015436846713166804,0.255467002595576
563,61,130,463.203498736656,4062.892527800171,464.921538708197,4188.681460967267,54.0,0.08630086574955662,-0.20012737059523775,0.08584600429574954,-0.18921984676194656,0.015436846713166804,0.07997633879628259
564,45,130,517.3116391169647,4113.7490927459785,464.921538708197,4188.681460967267,54.0,0.08630086574955662,-0.18021979039267969,0.08584600429574954,-0.17194346015800832,0.015436846713166804,0.08078321751491419
565,40,131,580.3679443218005,4175.917211801147,476.5976490413603,4170.33335841454,54.0,0.08630086574955662,-0.3687545530377668,0.08584600429574954,-0.3669696132653541,0.015436846713166804,0.11969689699765283
566,27,131,413.6607163277177,4126.933692479007,476.5976490413603,4170.33335841454,54.0,0.08630086574955662,-0.1408989572058009,0.08584600429574954,-0.13557280235384148,0.015436846713166804,0.06345031067526606
567,61,131,463.203498736656,4062.892527800171,476.5976490413603,4170.33335841454,54.0,0.08630086574955662,-0.2010978800340388,0.08584600429574954,-0.1927444066189075,0.015436846713166804,0.07565009101805223
568,30,131,625.9985091941669,4344.425799606012,476.5976490413603,4170.33335841454,54.0,0.08630086574955662,-1.0409964524249709,0.08584600429574954,-1.0341631364512276,0.015436846713166804,0.2722391469413887
569,60,131,462.2337953932308,4065.780960132662,476.5976490413603,4170.33335841454,54.0,0.08630086574955662,-0.18853261016014944,0.08584600429574954,-0.18020761837880483,0.015436846713166804,0.07237545725721797
570,23,131,485.3312407692456,4298.036308618457,476.5976490413603,4170.33335841454,54.0,0.08630086574955662,-0.26234725358270417,0.08584600429574954,-0.2537417575390368,0.015436846713166804,0.1299460558194972
571,44,131,472.0029937650396,4104.126300266757,476.5976490413603,4170.33335841454,54.0,0.08630086574955662,-0.057736801937309304,0.08584600429574954,-0.05131210900988982,0.015436846713166804,0.04005422705789942
572,35,131,583.2192292927565,4207.570440686977,476.5976490413603,4170.33335841454,54.0,0.08630086574955662,-0.437187918379219,0.08584600429574954,-0.4348615589243955,0.015436846713166804,0.13397586228394845
573,37,131,628.569594659982,4182.409690156388,476.5976490413603,4170.33335841454,54.0,0.08630086574955662,-0.5039278964158451,0.08584600429574954,-0.4997610872314975,0.015436846713166804,0.18015414929235243
574,43,131,630.0947010611478,4141.259609929846,476.5976490413603,4170.33335841454,54.0,0.08630086574955662,-0.5406732228685399,0.08584600429574954,-0.5364280992895057,0.015436846713166804,0.18944329040828056
575,45,131,517.3116391169647,4113.7490927459785,476.5976490413603,4170.33335841454,54.0,0.08630086574955662,-0.16461220204005758,0.08584600429574954,-0.1587071413584723,0.015436846713166804,0.0682908794563352
576,29,131,679.1344462972443,4226.875249913833,476.5976490413603,4170.33335841454,54.0,0.08630086574955662,-0.6742328676001555,0.08584600429574954,-0.6656991896897596,0.015436846713166804,0.2555712794952491
577,41,131,461.8106926932424,4070.996636995212,476.5976490413603,4170.33335841454,54.0,0.08630086574955662,-0.1663448602926384,0.08584600429574954,-0.1581388326122113,0.015436846713166804,0.06670467262372029
578,41,132,461.8106926932424,4070.996636995212,498.6677789749425,4165.707185554278,54.0,0.08630086574955662,-0.22002149774282811,0.08584600429574954,-0.21270057699560185,0.015436846713166804,0.0869241114602416
579,43,132,630.0947010611478,4141.259609929846,498.6677789749425,4165.707185554278,54.0,0.08630086574955662,-0.511317741757744,0.08584600429574954,-0.5090666335955342,0.015436846713166804,0.17128359738000357
580,60,132,462.2337953932308,4065.780960132662,498.6677789749425,4165.707185554278,54.0,0.08630086574955662,-0.24711350646225116,0.08584600429574954,-0.2398162765076381,0.015436846713166804,0.09408788093456973
581,35,132,583.2192292927565,4207.570440686977,498.6677789749425,4165.707185554278,54.0,0.08630086574955662,-0.4121227485206752,0.08584600429574954,-0.41177516114277685,0.015436846713166804,0.12033010967363468
582,44,132,472.0029937650396,4104.126300266757,498.6677789749425,4165.707185554278,54.0,0.08630086574955662,-0.08739377586457353,0.08584600429574954,-0.08126486900615862,0.015436846713166804,0.05216944896662088
583,27,132,413.6607163277177,4126.933692479007,498.6677789749425,4165.707185554278,54.0,0.08630086574955662,-0.1608645437620388,0.08584600429574954,-0.15430351504943135,0.015436846713166804,0.07671836709285253
584,45,132,517.3116391169647,4113.7490927459785,498.6677789749425,4165.707185554278,54.0,0.08630086574955662,-0.1868017206028094,0.08584600429574954,-0.1833625693048883,0.015436846713166804,0.06835205076062911
585,30,132,625.9985091941669,4344.425799606012,498.6677789749425,4165.707185554278,54.0,0.08630086574955662,-1.0900297724339274,0.08584600429574954,-1.0864221208341238,0.015436846713166804,0.2725728324551529
586,23,132,485.3312407692456,4298.036308618457,498.6677789749425,4165.707185554278,54.0,0.08630086574955662,-0.2693378772995693,0.08584600429574954,-0.2602966676643896,0.015436846713166804,0.13408966775465708
587,29,132,679.1344462972443,4226.875249913833,498.6677789749425,4165.707185554278,54.0,0.08630086574955662,-0.6201607012666189,0.08584600429574954,-0.6123309754103432,0.015436846713166804,0.23839158314239967
588,37,132,628.569594659982,4182.409690156388,498.6677789749425,4165.707185554278,54.0,0.08630086574955662,-0.45714632561487967,0.08584600429574954,-0.4541020875561785,0.015436846713166804,0.16006513198095487
589,61,132,463.203498736656,4062.892527800171,498.6677789749425,4165.707185554278,54.0,0.08630086574955662,-0.2698065098824076,0.08584600429574954,-0.26252014851025274,0.015436846713166804,0.09776474175945621
590,40,133,580.3679443218005,4175.917211801147,478.6811791095061,4150.712583205254,54.0,0.08630086574955662,-0.36743322694343583,0.08584600429574954,-0.36471547768964735,0.015436846713166804,0.1201964910395802
591,29,133,679.1344462972443,4226.875249913833,478.6811791095061,4150.712583205254,54.0,0.08630086574955662,-0.6501721835634233,0.08584600429574954,-0.6416116101634936,0.015436846713166804,0.25701439341651705
592,27,133,413.6607163277177,4126.933692479007,478.6811791095061,4150.712583205254,54.0,0.08630086574955662,-0.12633852941762957,0.08584600429574954,-0.12188373832868883,0.015436846713166804,0.05647467200329066
593,35,133,583.2192292927565,4207.570440686977,478.6811791095061,4150.712583205254,54.0,0.08630086574955662,-0.4448320575361276,0.08584600429574954,-0.44235232256951107,0.015436846713166804,0.14101492442215743
594,54,133,562.1256537151418,3993.041990758743,478.6811791095061,4150.712583205254,54.0,0.08630086574955662,-0.8096895660996466,0.08584600429574954,-0.8021079398594291,0.015436846713166804,0.2393181655869091
595,44,133,472.0029937650396,4104.126300266757,478.6811791095061,4150.712583205254,54.0,0.08630086574955662,-0.04140710052117235,0.08584600429574954,-0.03663761420196083,0.015436846713166804,0.02925005960577991
596,37,133,628.569594659982,4182.409690156388,478.6811791095061,4150.712583205254,54.0,0.08630086574955662,-0.48436656019454555,0.08584600429574954,-0.4786798818184742,0.015436846713166804,0.17804402467449512
597,45,133,517.3116391169647,4113.7490927459785,478.6811791095061,4150.712583205254,54.0,0.08630086574955662,-0.14330827078018482,0.08584600429574954,-0.1383996303002027,0.015436846713166804,0.05189359240319798
598,43,133,630.0947010611478,4141.259609929846,478.6811791095061,4150.712583205254,54.0,0.08630086574955662,-0.453407425039213,0.08584600429574954,-0.4481914457545172,0.015436846713166804,0.18818920270028516
599,23,133,485.3312407692456,4298.036308618457,478.6811791095061,4150.712583205254,54.0,0.08630086574955662,-0.2885139376484331,0.08584600429574954,-0.2781782242960299,0.015436846713166804,0.14578365858743397
600,41,133,461.8106926932424,4070.996636995212,478.6811791095061,4150.712583205254,54.0,0.08630086574955662,-0.15724805666778874,0.08584600429574954,-0.15102086955616945,0.015436846713166804,0.0585578462844639
601,61,133,463.203498736656,4062.892527800171,478.6811791095061,4150.712583205254,54.0,0.08630086574955662,-0.19168774458142637,0.08584600429574954,-0.18524443203535582,0.015436846713166804,0.06746632361571665
602,60,133,462.2337953932308,4065.780960132662,478.6811791095061,4150.712583205254,54.0,0.08630086574955662,-0.17944843977954164,0.08584600429574954,-0.17307307196605096,0.015436846713166804,0.06425882613560162
603,47,133,497.40279712570856,4039.075701869608,478.6811791095061,4150.712583205254,54.0,0.08630086574955662,-0.45989916246211326,0.08584600429574954,-0.4535064243058661,0.015436846713166804,0.12026655667993767
604,52,133,577.7231586056545,4060.836546501464,478.6811791095061,4150.712583205254,54.0,0.08630086574955662,-0.53369048115607,0.08584600429574954,-0.5293233785010892,0.015436846713166804,0.17207803303250888
605,30,133,625.9985091941669,4344.425799606012,478.6811791095061,4150.712583205254,54.0,0.08630086574955662,-1.106362277391205,0.08584600429574954,-1.0994923935998273,0.015436846713166804,0.2881986878647475
606,23,134,485.3312407692456,4298.036308618457,496.7431763964692,4139.924546025713,54.0,0.08630086574955662,-0.2991333296573695,0.08584600429574954,-0.28752265148294487,0.015436846713166804,0.1531207715692632
607,29,134,679.1344462972443,4226.875249913833,496.7431763964692,4139.924546025713,54.0,0.08630086574955662,-0.5949863239115772,0.08584600429574954,-0.58577802735386,0.015436846713166804,0.24410293667677346
608,27,134,413.6607163277177,4126.933692479007,496.7431763964692,4139.924546025713,54.0,0.08630086574955662,-0.1357099854426516,0.08584600429574954,-0.12925281454317905,0.015436846713166804,0.06510099633297728
609,60,135,462.2337953932308,4065.780960132662,461.6768199290148,4143.362401904764,54.0,0.08630086574955662,-0.1641404984337881,0.08584600429574954,-0.15875482967784948,0.015436846713166804,0.05563911778359138
610,40,135,580.3679443218005,4175.917211801147,461.6768199290148,4143.362401904764,54.0,0.08630086574955662,-0.37524693856117164,0.08584600429574954,-0.37021649122762784,0.015436846713166804,0.1276642369200452
611,27,135,413.6607163277177,4126.933692479007,461.6768199290148,4143.362401904764,54.0,0.08630086574955662,-0.11489477671080178,0.08584600429574954,-0.11250572086402455,0.015436846713166804,0.0474429399649489
612,43,135,630.0947010611478,4141.259609929846,461.6768199290148,4143.362401904764,54.0,0.08630086574955662,-0.45681218666002765,0.08584600429574954,-0.44928265359742836,0.015436846713166804,0.19378878640426117
613,45,135,517.3116391169647,4113.7490927459785,461.6768199290148,4143.362401904764,54.0,0.08630086574955662,-0.15407069126704884,0.08584600429574954,-0.14835128574119594,0.015436846713166804,0.053666740250492055
614,44,135,472.0029937650396,4104.126300266757,461.6768199290148,4143.362401904764,54.0,0.08630086574955662,-0.026737725252882934,0.08584600429574954,-0.02277720111261112,0.015436846713166804,0.020662588757129854
615,41,135,461.8106926932424,4070.996636995212,461.6768199290148,4143.362401904764,54.0,0.08630086574955662,-0.14244068129227985,0.08584600429574954,-0.1372191697311686,0.015436846713166804,0.05018600829222819
616,52,135,577.7231586056545,4060.836546501464,461.6768199290148,4143.362401904764,54.0,0.08630086574955662,-0.555291649090304,0.08584600429574954,-0.5509578098216971,0.015436846713166804,0.1726731829338033
617,37,135,628.569594659982,4182.409690156388,461.6768199290148,4143.362401904764,54.0,0.08630086574955662,-0.4904391447422726,0.08584600429574954,-0.48226245203241547,0.015436846713166804,0.18495057236526175
618,29,135,679.1344462972443,4226.875249913833,461.6768199290148,4143.362401904764,54.0,0.08630086574955662,-0.6605048159354335,0.08584600429574954,-0.6499134777153961,0.015436846713166804,0.26568678581596283
619,61,135,463.203498736656,4062.892527800171,461.6768199290148,4143.362401904764,54.0,0.08630086574955662,-0.17593878130913948,0.08584600429574954,-0.17047048829863548,0.015436846713166804,0.05858097661799892
620,35,135,583.2192292927565,4207.570440686977,461.6768199290148,4143.362401904764,54.0,0.08630086574955662,-0.4551752640294774,0.08584600429574954,-0.4506086361643509,0.015436846713166804,0.1496081779734003
621,31,135,286.22286085268047,4096.016113555928,461.6768199290148,4143.362401904764,54.0,0.08630086574955662,-0.6500378713054639,0.08584600429574954,-0.6469634792387974,0.015436846713166804,0.20802572977229472
622,39,135,491.6009153175041,3965.873607703836,461.6768199290148,4143.362401904764,54.0,0.08630086574955662,-0.46474224642688655,0.08584600429574954,-0.4561239996352438,0.015436846713166804,0.1679434789399657
623,30,135,625.9985091941669,4344.425799606012,461.6768199290148,4143.362401904764,54.0,0.08630086574955662,-1.0883814009647998,0.08584600429574954,-1.0784262131995443,0.015436846713166804,0.2909256575269192
624,47,135,497.40279712570856,4039.075701869608,461.6768199290148,4143.362401904764,54.0,0.08630086574955662,-0.43381491856480636,0.08584600429574954,-0.42742870348201806,0.015436846713166804,0.10539128001615743
625,23,135,485.3312407692456,4298.036308618457,461.6768199290148,4143.362401904764,54.0,0.08630086574955662,-0.22563836552648744,0.08584600429574954,-0.2105249931606814,0.015436846713166804,0.12799982255818945
626,29,136,679.1344462972443,4226.875249913833,467.6333421217994,4125.7528114568895,54.0,0.08630086574955662,-0.6198970270482154,0.08584600429574954,-0.606835025724951,0.015436846713166804,0.26311429234197015
627,43,136,630.0947010611478,4141.259609929846,467.6333421217994,4125.7528114568895,54.0,0.08630086574955662,-0.45614045283693716,0.08584600429574954,-0.4492721902973797,0.015436846713166804,0.19216087490738187
628,27,136,413.6607163277177,4126.933692479007,467.6333421217994,4125.7528114568895,54.0,0.08630086574955662,-0.11140722604006513,0.08584600429574954,-0.10845120792882935,0.015436846713166804,0.04738045479871109
629,60,136,462.2337953932308,4065.780960132662,467.6333421217994,4125.7528114568895,54.0,0.08630086574955662,-0.1571112504801526,0.08584600429574954,-0.15375415986984753,0.015436846713166804,0.04854968291738062
630,39,136,491.6009153175041,3965.873607703836,467.6333421217994,4125.7528114568895,54.0,0.08630086574955662,-0.4826815268037627,0.08584600429574954,-0.4759751264980652,0.015436846713166804,0.1634590895500216
631,45,136,517.3116391169647,4113.7490927459785,467.6333421217994,4125.7528114568895,54.0,0.08630086574955662,-0.17235961526607813,0.08584600429574954,-0.1695552154244228,0.015436846713166804,0.057919927782449504
632,35,136,583.2192292927565,4207.570440686977,467.6333421217994,4125.7528114568895,54.0,0.08630086574955662,-0.4670576817036135,0.08584600429574954,-0.4630600938161916,0.015436846713166804,0.15294374443030956
633,23,136,485.3312407692456,4298.036308618457,467.6333421217994,4125.7528114568895,54.0,0.08630086574955662,-0.2557985174431906,0.08584600429574954,-0.24108772887905233,0.015436846713166804,0.13863006593084087
634,37,136,628.569594659982,4182.409690156388,467.6333421217994,4125.7528114568895,54.0,0.08630086574955662,-0.4463949469533568,0.08584600429574954,-0.4365352607731661,0.015436846713166804,0.18713118212150304
635,40,136,580.3679443218005,4175.917211801147,467.6333421217994,4125.7528114568895,54.0,0.08630086574955662,-0.3496514517518901,0.08584600429574954,-0.3435611437068532,0.015436846713166804,0.1275196069345296
636,44,136,472.0029937650396,4104.126300266757,467.6333421217994,4125.7528114568895,54.0,0.08630086574955662,-0.0179827229208842,0.08584600429574954,-0.016159270954815497,0.015436846713166804,0.01280515231004091
637,61,136,463.203498736656,4062.892527800171,467.6333421217994,4125.7528114568895,54.0,0.08630086574955662,-0.1686945725932212,0.08584600429574954,-0.16526099551270193,0.015436846713166804,0.05141945852112848
638,41,136,461.8106926932424,4070.996636995212,467.6333421217994,4125.7528114568895,54.0,0.08630086574955662,-0.13521477739731377,0.08584600429574954,-0.13201741464047506,0.015436846713166804,0.04306198657203383
639,39,137,491.6009153175041,3965.873607703836,500.1419238902247,4120.853453272017,54.0,0.08630086574955662,-0.5921988102668383,0.08584600429574954,-0.5868769095714581,0.015436846713166804,0.17537571720330875
640,41,137,461.8106926932424,4070.996636995212,500.1419238902247,4120.853453272017,54.0,0.08630086574955662,-0.25295906421594616,0.08584600429574954,-0.250433047820441,0.015436846713166804,0.06683136071019774
641,51,137,515.5112789978382,4127.169092421015,500.1419238902247,4120.853453272017,54.0,0.08630086574955662,-0.09479464170351205,0.08584600429574954,-0.09377148750580779,0.015436846713166804,0.026355270453633027
642,37,137,628.569594659982,4182.409690156388,500.1419238902247,4120.853453272017,54.0,0.08630086574955662,-0.45015198979771337,0.08584600429574954,-0.44450906746091684,0.015436846713166804,0.17969270737143614
643,23,137,485.3312407692456,4298.036308618457,500.1419238902247,4120.853453272017,54.0,0.08630086574955662,-0.3277484795114283,0.08584600429574954,-0.31417779246604166,0.015436846713166804,0.16766182175111466
644,29,137,679.1344462972443,4226.875249913833,500.1419238902247,4120.853453272017,54.0,0.08630086574955662,-0.5882055445126361,0.08584600429574954,-0.5756117342601335,0.015436846713166804,0.25639937662550344
645,45,137,517.3116391169647,4113.7490927459785,500.1419238902247,4120.853453272017,54.0,0.08630086574955662,-0.15537947920030715,0.08584600429574954,-0.15450347532991007,0.015436846713166804,0.03517156239335371
646,47,137,497.40279712570856,4039.075701869608,500.1419238902247,4120.853453272017,54.0,0.08630086574955662,-0.4372919616219457,0.08584600429574954,-0.43430632113666484,0.015436846713166804,0.09868312268052
647,27,137,413.6607163277177,4126.933692479007,500.1419238902247,4120.853453272017,54.0,0.08630086574955662,-0.17892186829078802,0.08584600429574954,-0.17450085640843727,0.015436846713166804,0.081129975225356
648,31,137,286.22286085268047,4096.016113555928,500.1419238902247,4120.853453272017,54.0,0.08630086574955662,-0.7479474802136917,0.08584600429574954,-0.7427111509684092,0.015436846713166804,0.23501901567382646
649,61,137,463.203498736656,4062.892527800171,500.1419238902247,4120.853453272017,54.0,0.08630086574955662,-0.30611592100315865,0.08584600429574954,-0.303529866499533,0.015436846713166804,0.07486608289502532
650,60,137,462.2337953932308,4065.780960132662,500.1419238902247,4120.853453272017,54.0,0.08630086574955662,-0.28659831916228223,0.08584600429574954,-0.2840189010827254,0.015436846713166804,0.07218703295080807
651,35,137,583.2192292927565,4207.570440686977,500.1419238902247,4120.853453272017,54.0,0.08630086574955662,-0.4700755561400911,0.08584600429574954,-0.4706028270802213,0.015436846713166804,0.14985196853396365
652,43,137,630.0947010611478,4141.259609929846,500.1419238902247,4120.853453272017,54.0,0.08630086574955662,-0.519966068829576,0.08584600429574954,-0.5180909804424791,0.015436846713166804,0.17718228882824064
653,44,137,480.2527329069072,4097.225007571009,500.1419238902247,4120.853453272017,54.0,0.08630086574955662,-0.08683020614907225,0.08584600429574954,-0.08534471135218934,0.015436846713166804,0.03339590072801933
654,40,137,580.3679443218005,4175.917211801147,500.1419238902247,4120.853453272017,54.0,0.08630086574955662,-0.3446060191313154,0.08584600429574954,-0.3414955093653698,0.015436846713166804,0.120721651869336
655,45,138,517.3116391169647,4113.7490927459785,491.42406278110894,4104.982822863553,54.0,0.08630086574955662,-0.15240449551444799,0.08584600429574954,-0.15110203782774656,0.015436846713166804,0.041061976514017925
656,23,138,485.3312407692456,4298.036308618457,491.42406278110894,4104.982822863553,54.0,0.08630086574955662,-0.35588501728679445,0.08584600429574954,-0.34151315498835716,0.015436846713166804,0.18378521398984216
657,27,138,413.6607163277177,4126.933692479007,491.42406278110894,4104.982822863553,54.0,0.08630086574955662,-0.16842444504807647,0.08584600429574954,-0.1637974646383043,0.015436846713166804,0.07321973609872036
658,47,138,497.40279712570856,4039.075701869608,491.42406278110894,4104.982822863553,54.0,0.08630086574955662,-0.39178062921400636,0.08584600429574954,-0.3895048606570028,0.015436846713166804,0.08159098011971025
659,35,138,583.2192292927565,4207.570440686977,491.42406278110894,4104.982822863553,54.0,0.08630086574955662,-0.5319452609024399,0.08584600429574954,-0.5315999590484088,0.015436846713166804,0.17022787017537255
660,39,138,491.6009153175041,3965.873607703836,491.42406278110894,4104.982822863553,54.0,0.08630086574955662,-0.5483056689725969,0.08584600429574954,-0.5437469986723883,0.015436846713166804,0.15778992522641125
661,60,138,462.2337953932308,4065.780960132662,491.42406278110894,4104.982822863553,54.0,0.08630086574955662,-0.25774924650139397,0.08584600429574954,-0.25611365111066997,0.015436846713166804,0.053636369761135394
662,40,138,580.3679443218005,4175.917211801147,491.42406278110894,4104.982822863553,54.0,0.08630086574955662,-0.4218788022367095,0.08584600429574954,-0.41827730132308927,0.015436846713166804,0.1408894536415478
663,37,138,628.569594659982,4182.409690156388,491.42406278110894,4104.982822863553,54.0,0.08630086574955662,-0.5530014214360164,0.08584600429574954,-0.5482759994599583,0.015436846713166804,0.20122444273167775
664,44,138,482.9165862241457,4094.8895965639263,491.42406278110894,4104.982822863553,54.0,0.08630086574955662,-0.06310299605330572,0.08584600429574954,-0.06258108170815946,0.015436846713166804,0.014886584795925428
665,43,138,630.0947010611478,4141.259609929846,491.42406278110894,4104.982822863553,54.0,0.08630086574955662,-0.6055919557527181,0.08584600429574954,-0.6029432888862885,0.015436846713166804,0.1983005341742809
666,41,138,461.8106926932424,4070.996636995212,491.42406278110894,4104.982822863553,54.0,0.08630086574955662,-0.22903980076030275,0.08584600429574954,-0.22747138153281599,0.015436846713166804,0.04853811859038116
667,61,138,463.203498736656,4062.892527800171,491.42406278110894,4104.982822863553,54.0,0.08630086574955662,-0.27353138446646713,0.08584600429574954,-0.27187868096175494,0.015436846713166804,0.05609288249158637
668,29,138,679.1344462972443,4226.875249913833,491.42406278110894,4104.982822863553,54.0,0.08630086574955662,-0.6822663498394069,0.08584600429574954,-0.6697537263262817,0.015436846713166804,0.27814262996317624
669,45,139,517.3116391169647,4113.7490927459785,448.0139883248622,4082.429338471364,54.0,0.08630086574955662,-0.35856281537118695,0.08584600429574954,-0.35583101005326945,0.015436846713166804,0.08580349897768906
670,23,139,485.3312407692456,4298.036308618457,448.0139883248622,4082.429338471364,54.0,0.08630086574955662,-0.3263048907069318,0.08584600429574954,-0.3072869550354476,0.015436846713166804,0.16903782993126537
671,47,139,497.40279712570856,4039.075701869608,448.0139883248622,4082.429338471364,54.0,0.08630086574955662,-0.28601950757428396,0.08584600429574954,-0.28429693256923494,0.015436846713166804,0.07311365284238497
672,61,139,463.203498736656,4062.892527800171,448.0139883248622,4082.429338471364,54.0,0.08630086574955662,-0.1042973768582159,0.08584600429574954,-0.1037245807415586,0.015436846713166804,0.02622390331988836
673,27,139,413.6607163277177,4126.933692479007,448.0139883248622,4082.429338471364,54.0,0.08630086574955662,-0.20851561559198312,0.08584600429574954,-0.20791629488120253,0.015436846713166804,0.059503091453632764
674,60,139,462.2337953932308,4065.780960132662,448.0139883248622,4082.429338471364,54.0,0.08630086574955662,-0.09286567923468791,0.08584600429574954,-0.0923552363568951,0.015436846713166804,0.023349213881817564
675,39,139,491.6009153175041,3965.873607703836,448.0139883248622,4082.429338471364,54.0,0.08630086574955662,-0.30280523197586473,0.08584600429574954,-0.2977403112800667,0.015436846713166804,0.1251556811586497
676,41,139,461.8106926932424,4070.996636995212,448.0139883248622,4082.429338471364,54.0,0.08630086574955662,-0.073184034073316,0.08584600429574954,-0.07274875147923175,0.015436846713166804,0.018345749786422703
677,44,139,470.9318574712719,4102.798680980681,448.0139883248622,4082.429338471364,54.0,0.08630086574955662,-0.1053741877458021,0.08584600429574954,-0.10424521107384982,0.015436846713166804,0.02770858080581787
678,23,140,485.3312407692456,4298.036308618457,444.6278396674389,4097.460747584184,54.0,0.08630086574955662,-0.3058812159428973,0.08584600429574954,-0.2875249636334864,0.015436846713166804,0.16439017923783017
679,60,140,462.2337953932308,4065.780960132662,444.6278396674389,4097.460747584184,54.0,0.08630086574955662,-0.14460795504089108,0.08584600429574954,-0.14416633995999273,0.015436846713166804,0.03695765431813079
680,47,140,497.40279712570856,4039.075701869608,444.6278396674389,4097.460747584184,54.0,0.08630086574955662,-0.3457388013917057,0.08584600429574954,-0.3437524466174264,0.015436846713166804,0.0865894242428466
681,42,140,481.5841139822353,4095.890795124346,444.6278396674389,4097.460747584184,54.0,0.08630086574955662,-0.16502210808045295,0.08584600429574954,-0.16410331699867398,0.015436846713166804,0.037064240439608556
682,27,140,413.6607163277177,4126.933692479007,444.6278396674389,4097.460747584184,54.0,0.08630086574955662,-0.14205589703941005,0.08584600429574954,-0.14043663709437254,0.015436846713166804,0.04514631731932029
683,39,140,491.6009153175041,3965.873607703836,444.6278396674389,4097.460747584184,54.0,0.08630086574955662,-0.362701880624813,0.08584600429574954,-0.3580744692664325,0.015436846713166804,0.1406772687718858
684,45,140,517.3116391169647,4113.7490927459785,444.6278396674389,4097.460747584184,54.0,0.08630086574955662,-0.22231753832482007,0.08584600429574954,-0.21871321649319653,0.015436846713166804,0.07517710726185861
685,41,140,461.8106926932424,4070.996636995212,444.6278396674389,4097.460747584184,54.0,0.08630086574955662,-0.12344007701163646,0.08584600429574954,-0.12303713905382163,0.015436846713166804,0.03150492120337155
686,44,140,470.9318574712719,4102.798680980681,444.6278396674389,4097.460747584184,54.0,0.08630086574955662,-0.06036621247649423,0.08584600429574954,-0.05915205718171247,0.015436846713166804,0.02083632663612027
687,61,140,463.203498736656,4062.892527800171,444.6278396674389,4097.460747584184,54.0,0.08630086574955662,-0.15680311885460244,0.08584600429574954,-0.15630024357355726,0.015436846713166804,0.040033269308708055
688,23,141,485.3312407692456,4298.036308618457,450.2869634852289,4161.9176246461175,54.0,0.08630086574955662,-0.2618696320139782,0.08584600429574954,-0.24988726179648155,0.015436846713166804,0.12492389201128958
689,41,141,461.8106926932424,4070.996636995212,450.2869634852289,4161.9176246461175,54.0,0.08630086574955662,-0.15240266891475138,0.08584600429574954,-0.14489308448701402,0.015436846713166804,0.05873615579265938
690,27,141,413.6607163277177,4126.933692479007,450.2869634852289,4161.9176246461175,54.0,0.08630086574955662,-0.13750205204559385,0.08584600429574954,-0.13458221367424197,0.015436846713166804,0.05564773980077815
691,40,141,580.3679443218005,4175.917211801147,450.2869634852289,4161.9176246461175,54.0,0.08630086574955662,-0.3768960740234392,0.08584600429574954,-0.37116462848736376,0.015436846713166804,0.13138435076569596
692,37,141,628.569594659982,4182.409690156388,450.2869634852289,4161.9176246461175,54.0,0.08630086574955662,-0.5044552392615529,0.08584600429574954,-0.49683493053912214,0.015436846713166804,0.19063468210517087
693,61,141,463.203498736656,4062.892527800171,450.2869634852289,4161.9176246461175,54.0,0.08630086574955662,-0.1860103455454837,0.08584600429574954,-0.17825060213384453,0.015436846713166804,0.06716295429971295
694,45,141,517.3116391169647,4113.7490927459785,450.2869634852289,4161.9176246461175,54.0,0.08630086574955662,-0.15774839688974746,0.08584600429574954,-0.14942245967485346,0.015436846713166804,0.061440926847134744
695,60,141,462.2337953932308,4065.780960132662,450.2869634852289,4161.9176246461175,54.0,0.08630086574955662,-0.17402777524336036,0.08584600429574954,-0.16635659523717433,0.015436846713166804,0.06416046583983757
696,31,141,286.22286085268047,4096.016113555928,450.2869634852289,4161.9176246461175,54.0,0.08630086574955662,-0.6240454447976065,0.08584600429574954,-0.6189530906523621,0.015436846713166804,0.20809041451071789
697,35,141,583.2192292927565,4207.570440686977,450.2869634852289,4161.9176246461175,54.0,0.08630086574955662,-0.45054867655677727,0.08584600429574954,-0.44483783911818203,0.015436846713166804,0.1466460405651992
698,47,141,497.40279712570856,4039.075701869608,450.2869634852289,4161.9176246461175,54.0,0.08630086574955662,-0.432406244905755,0.08584600429574954,-0.42337807373194036,0.015436846713166804,0.11235255459960547
699,43,141,630.0947010611478,4141.259609929846,450.2869634852289,4161.9176246461175,54.0,0.08630086574955662,-0.551669884578165,0.08584600429574954,-0.5455743520538622,0.015436846713166804,0.20357795791747413
700,44,141,472.0029937650396,4104.126300266757,450.2869634852289,4161.9176246461175,54.0,0.08630086574955662,-0.03711496544124108,0.08584600429574954,-0.030641078957451544,0.015436846713166804,0.030023166945993957
701,29,141,679.1344462972443,4226.875249913833,450.2869634852289,4161.9176246461175,54.0,0.08630086574955662,-0.6874292706687308,0.08584600429574954,-0.6755415083330764,0.015436846713166804,0.26805934891231625
702,30,141,625.9985091941669,4344.425799606012,450.2869634852289,4161.9176246461175,54.0,0.08630086574955662,-0.9901758217580933,0.08584600429574954,-0.9813973755223988,0.015436846713166804,0.274972847642458
703,41,142,461.8106926932424,4070.996636995212,402.5205221667404,4129.574604513392,54.0,0.08630086574955662,-0.3318567823522779,0.08584600429574954,-0.33070367122091104,0.015436846713166804,0.08755208308045967
704,4,142,296.61979068975745,4128.179301772369,402.5205221667404,4129.574604513392,54.0,0.08630086574955662,-0.36046524142994996,0.08584600429574954,-0.3580048548719199,0.015436846713166804,0.12591785073626788
705,27,142,413.6607163277177,4126.933692479007,402.5205221667404,4129.574604513392,54.0,0.08630086574955662,-0.05626858322081061,0.08584600429574954,-0.056139893682857045,0.015436846713166804,0.016735594977056314
706,42,142,481.95797351825536,4104.321037374665,402.5205221667404,4129.574604513392,54.0,0.08630086574955662,-0.19867459346987332,0.08584600429574954,-0.1943219628351363,0.015436846713166804,0.07678416966645497
707,45,142,517.3116391169647,4113.7490927459785,402.5205221667404,4129.574604513392,54.0,0.08630086574955662,-0.32573438208922706,0.08584600429574954,-0.32044565858862206,0.015436846713166804,0.11836021712535766
708,44,142,470.9318574712719,4102.798680980681,402.5205221667404,4129.574604513392,54.0,0.08630086574955662,-0.1858208066031811,0.08584600429574954,-0.182028190530614,0.015436846713166804,0.06768664076004449
709,61,142,463.203498736656,4062.892527800171,402.5205221667404,4129.574604513392,54.0,0.08630086574955662,-0.3693334615030764,0.08584600429574954,-0.36852074801464907,0.015436846713166804,0.09555217708621562
710,31,142,286.22286085268047,4096.016113555928,402.5205221667404,4129.574604513392,54.0,0.08630086574955662,-0.4871591057933028,0.08584600429574954,-0.4862698248484969,0.015436846713166804,0.14897373761538574
711,60,142,462.2337953932308,4065.780960132662,402.5205221667404,4129.574604513392,54.0,0.08630086574955662,-0.35564130159843216,0.08584600429574954,-0.3547635469676448,0.015436846713166804,0.09249595272741881
712,61,143,463.203498736656,4062.892527800171,382.72760047919166,4103.451630849024,54.0,0.08630086574955662,-0.3973872274848583,0.08584600429574954,-0.3982234092195399,0.015436846713166804,0.0978714671457182
713,31,143,286.22286085268047,4096.016113555928,382.72760047919166,4103.451630849024,54.0,0.08630086574955662,-0.3970154008356799,0.08584600429574954,-0.3962748896700139,0.015436846713166804,0.11927023248498
714,41,143,461.8106926932424,4070.996636995212,382.72760047919166,4103.451630849024,54.0,0.08630086574955662,-0.38022666816759343,0.08584600429574954,-0.3815003676798064,0.015436846713166804,0.09235662955699447
715,27,143,413.6607163277177,4126.933692479007,382.72760047919166,4103.451630849024,54.0,0.08630086574955662,-0.21814816283760302,0.08584600429574954,-0.21901316055392298,0.015436846713166804,0.04845670082258237
716,60,143,462.2337953932308,4065.780960132662,382.72760047919166,4103.451630849024,54.0,0.08630086574955662,-0.38963069977195,0.08584600429574954,-0.39063559562131167,0.015436846713166804,0.09553538757769711
717,44,143,470.9318574712719,4102.798680980681,382.72760047919166,4103.451630849024,54.0,0.08630086574955662,-0.3005627481333741,0.08584600429574954,-0.2977324465935414,0.015436846713166804,0.08694718409643465
718,42,143,481.67908357133285,4098.663948443455,382.72760047919166,4103.451630849024,54.0,0.08630086574955662,-0.4167837997966838,0.08584600429574954,-0.4143561371432949,0.015436846713166804,0.1048933506920305
719,47,144,497.40279712570856,4039.075701869608,355.89235360691384,4097.862836751869,54.0,0.08630086574955662,-0.6162708641323785,0.08584600429574954,-0.6157227079061932,0.015436846713166804,0.17332554452174484
720,61,144,463.203498736656,4062.892527800171,355.89235360691384,4097.862836751869,54.0,0.08630086574955662,-0.5019907276601518,0.08584600429574954,-0.5021333621207,0.015436846713166804,0.12809305896916962
721,42,144,481.4936938530769,4095.225387665601,355.89235360691384,4097.862836751869,54.0,0.08630086574955662,-0.5726259380007374,0.08584600429574954,-0.5727813735023642,0.015436846713166804,0.13868749967768096
722,60,144,462.2337953932308,4065.780960132662,355.89235360691384,4097.862836751869,54.0,0.08630086574955662,-0.4958280888092089,0.08584600429574954,-0.49618643330549594,0.015436846713166804,0.12597253907784373
723,4,144,296.61979068975745,4128.179301772369,355.89235360691384,4097.862836751869,54.0,0.08630086574955662,-0.19376860330990334,0.08584600429574954,-0.19198341278457703,0.015436846713166804,0.08016028646906906
724,41,144,461.8106926932424,4070.996636995212,355.89235360691384,4097.862836751869,54.0,0.08630086574955662,-0.4908494047513854,0.08584600429574954,-0.4916886705546972,0.015436846713166804,0.1232786762042722
725,31,144,286.22286085268047,4096.016113555928,355.89235360691384,4097.862836751869,54.0,0.08630086574955662,-0.2688199590508176,0.08584600429574954,-0.2672485486486516,0.015436846713166804,0.08412697293444117
726,44,144,470.9318574712719,4102.798680980681,355.89235360691384,4097.862836751869,54.0,0.08630086574955662,-0.41611601754492955,0.08584600429574954,-0.41282051751280674,0.015436846713166804,0.1194908292822017
727,27,144,413.6607163277177,4126.933692479007,355.89235360691384,4097.862836751869,54.0,0.08630086574955662,-0.343532852791622,0.08584600429574954,-0.3449924770297138,0.015436846713166804,0.08347006553665885
728,4,145,296.61979068975745,4128.179301772369,368.5042753278341,4146.164635417134,54.0,0.08630086574955662,-0.19636278011266184,0.08584600429574954,-0.1927722900892161,0.015436846713166804,0.08456741809294038
729,27,145,413.6607163277177,4126.933692479007,368.5042753278341,4146.164635417134,54.0,0.08630086574955662,-0.23741293124038948,0.08584600429574954,-0.2383488108873215,0.015436846713166804,0.06379857156949091
730,31,145,286.22286085268047,4096.016113555928,368.5042753278341,4146.164635417134,54.0,0.08630086574955662,-0.27097936833772035,0.08584600429574954,-0.2670150499788882,0.015436846713166804,0.10360569737350889
731,44,145,470.9318574712719,4102.798680980681,368.5042753278341,4146.164635417134,54.0,0.08630086574955662,-0.3688539262713391,0.08584600429574954,-0.36617473311535675,0.015436846713166804,0.11730028644396706
732,30,146,625.9985091941669,4344.425799606012,483.4527706543433,4132.207737141582,54.0,0.08630086574955662,-1.1510818074206495,0.08584600429574954,-1.1446360618276858,0.015436846713166804,0.3022229821525563
733,40,146,580.3679443218005,4175.917211801147,483.4527706543433,4132.207737141582,54.0,0.08630086574955662,-0.33783879478876394,0.08584600429574954,-0.3337372999198046,0.015436846713166804,0.11861709621252282
734,23,146,485.3312407692456,4298.036308618457,483.4527706543433,4132.207737141582,54.0,0.08630086574955662,-0.30540390971923026,0.08584600429574954,-0.2929094693985165,0.015436846713166804,0.15771759951332479
735,61,146,463.203498736656,4062.892527800171,483.4527706543433,4132.207737141582,54.0,0.08630086574955662,-0.2124028381475285,0.08584600429574954,-0.20873682560300583,0.015436846713166804,0.06880122005840164
736,37,146,628.569594659982,4182.409690156388,483.4527706543433,4132.207737141582,54.0,0.08630086574955662,-0.4363055462111473,0.08584600429574954,-0.4285205160753796,0.015436846713166804,0.17757998180295512
737,29,146,679.1344462972443,4226.875249913833,483.4527706543433,4132.207737141582,54.0,0.08630086574955662,-0.6048070503403614,0.08584600429574954,-0.5935782661372656,0.015436846713166804,0.25387973396712854
738,41,146,461.8106926932424,4070.996636995212,483.4527706543433,4132.207737141582,54.0,0.08630086574955662,-0.17318071502023502,0.08584600429574954,-0.1695415655888979,0.015436846713166804,0.05849762242017468
739,39,146,491.6009153175041,3965.873607703836,483.4527706543433,4132.207737141582,54.0,0.08630086574955662,-0.5990111347690417,0.08584600429574954,-0.5925738426900704,0.015436846713166804,0.18392072104003782
740,45,146,517.3116391169647,4113.7490927459785,483.4527706543433,4132.207737141582,54.0,0.08630086574955662,-0.14878003382944796,0.08584600429574954,-0.14582494893906078,0.015436846713166804,0.04372354812881084
741,35,146,583.2192292927565,4207.570440686977,483.4527706543433,4132.207737141582,54.0,0.08630086574955662,-0.45424266403321134,0.08584600429574954,-0.45249336347306146,0.015436846713166804,0.1452485382942712
742,60,146,462.2337953932308,4065.780960132662,483.4527706543433,4132.207737141582,54.0,0.08630086574955662,-0.19808782721112367,0.08584600429574954,-0.1943996976217369,0.015436846713166804,0.06498638527218187
743,44,146,472.0029937650396,4104.126300266757,483.4527706543433,4132.207737141582,54.0,0.08630086574955662,-0.045584416773525434,0.08584600429574954,-0.04327402578970326,0.015436846713166804,0.025242601143083007
744,27,146,413.6607163277177,4126.933692479007,483.4527706543433,4132.207737141582,54.0,0.08630086574955662,-0.12249574740975525,0.08584600429574954,-0.11767275226340118,0.015436846713166804,0.05595966417530335
745,43,146,630.0947010611478,4141.259609929846,483.4527706543433,4132.207737141582,54.0,0.08630086574955662,-0.44408887399248376,0.08584600429574954,-0.4390992780617812,0.015436846713166804,0.18318575250783375
746,52,146,577.7231586056545,4060.836546501464,483.4527706543433,4132.207737141582,54.0,0.08630086574955662,-0.5382337581273752,0.08584600429574954,-0.5363324777064757,0.015436846713166804,0.15953036403010376
747,27,147,413.6607163277177,4126.933692479007,386.806017351092,4179.57604157623,54.0,0.08630086574955662,-0.22168765504765497,0.08584600429574954,-0.221455335510166,0.015436846713166804,0.07648757716067764
748,44,147,472.0029937650396,4104.126300266757,386.806017351092,4179.57604157623,54.0,0.08630086574955662,-0.2930288500239168,0.08584600429574954,-0.2888425795537724,0.015436846713166804,0.11795135101057012
749,19,147,324.8153272931308,4135.979057138678,386.806017351092,4179.57604157623,54.0,0.08630086574955662,-0.18523130739666924,0.08584600429574954,-0.18242731499986933,0.015436846713166804,0.0860705876769132
750,64,147,251.14156651564912,4194.6094429104505,386.806017351092,4179.57604157623,54.0,0.08630086574955662,-0.4319209213142559,0.08584600429574954,-0.4283709742665572,0.015436846713166804,0.1792995609669921
751,23,147,473.2888408458269,4304.725925046426,386.806017351092,4179.57604157623,54.0,0.08630086574955662,-0.642185730947095,0.08584600429574954,-0.6404161967555799,0.015436846713166804,0.19349432646737333
752,22,147,301.6304881357929,4156.037775497009,386.806017351092,4179.57604157623,54.0,0.08630086574955662,-0.27323280495756447,0.08584600429574954,-0.27019015753066356,0.015436846713166804,0.10751042839195492
753,31,147,286.22286085268047,4096.016113555928,386.806017351092,4179.57604157623,54.0,0.08630086574955662,-0.30595761775803243,0.08584600429574954,-0.2995543044566399,0.015436846713166804,0.13975467752886425
754,60,148,462.2337953932308,4065.780960132662,401.4932788272162,4176.635388358298,54.0,0.08630086574955662,-0.4394030769937834,0.08584600429574954,-0.4363660356021254,0.015436846713166804,0.1399572540121759
755,22,148,301.6304881357929,4156.037775497009,401.4932788272162,4176.635388358298,54.0,0.08630086574955662,-0.32894156538793934,0.08584600429574954,-0.3263467305826177,0.015436846713166804,0.12609157276192223
756,16,148,510.22088537403255,4246.5421852479,401.4932788272162,4176.635388358298,54.0,0.08630086574955662,-0.32741345540821903,0.08584600429574954,-0.3177691325969787,0.015436846713166804,0.14099875140169987
757,65,148,465.43944178630807,4063.6597216274654,401.4932788272162,4176.635388358298,54.0,0.08630086574955662,-0.44960674428050457,0.08584600429574954,-0.4462059194123743,0.015436846713166804,0.14273019129673895
758,31,148,286.22286085268047,4096.016113555928,401.4932788272162,4176.635388358298,54.0,0.08630086574955662,-0.3908415998707697,0.08584600429574954,-0.3860047409087964,0.015436846713166804,0.15783737664042705
759,44,148,472.0029937650396,4104.126300266757,401.4932788272162,4176.635388358298,54.0,0.08630086574955662,-0.24480476953143127,0.08584600429574954,-0.23996093861716838,0.015436846713166804,0.09910522692868957
760,41,148,461.8106926932424,4070.996636995212,401.4932788272162,4176.635388358298,54.0,0.08630086574955662,-0.41556379583936826,0.08584600429574954,-0.41232028025024614,0.015436846713166804,0.13431785282521408
761,23,148,474.5872176506747,4303.944856754831,401.4932788272162,4176.635388358298,54.0,0.08630086574955662,-0.6604955845918048,0.08584600429574954,-0.6590053681460702,0.015436846713166804,0.186588688603561
762,27,148,413.6607163277177,4126.933692479007,401.4932788272162,4176.635388358298,54.0,0.08630086574955662,-0.21415946932720636,0.08584600429574954,-0.21332249076615434,0.015436846713166804,0.06553458303398396
763,35,148,583.2192292927565,4207.570440686977,401.4932788272162,4176.635388358298,54.0,0.08630086574955662,-0.5509955873892486,0.08584600429574954,-0.5414637814803697,0.015436846713166804,0.1955604107529159
764,61,148,463.203498736656,4062.892527800171,401.4932788272162,4176.635388358298,54.0,0.08630086574955662,-0.45257304964576917,0.08584600429574954,-0.4495353873460279,0.015436846713166804,0.14316201090327074
765,64,149,251.14156651564912,4194.6094429104505,389.9604697213796,4163.03171392889,54.0,0.08630086574955662,-0.46152204430541593,0.08584600429574954,-0.4585674830038161,0.015436846713166804,0.1853228905036629
766,23,149,473.2888408458269,4304.725925046426,389.9604697213796,4163.03171392889,54.0,0.08630086574955662,-0.7149101166157368,0.08584600429574954,-0.7137168057518904,0.015436846713166804,0.21057187576889666
767,44,149,470.9318574712719,4102.798680980681,389.9604697213796,4163.03171392889,54.0,0.08630086574955662,-0.26239881989574926,0.08584600429574954,-0.2587785626549121,0.015436846713166804,0.10250850625016922
768,41,149,461.8106926932424,4070.996636995212,389.9604697213796,4163.03171392889,54.0,0.08630086574955662,-0.4222245354914177,0.08584600429574954,-0.4205291607072673,0.015436846713166804,0.13007464668172145
769,65,149,465.43944178630807,4063.6597216274654,389.9604697213796,4163.03171392889,54.0,0.08630086574955662,-0.4595045877104554,0.08584600429574954,-0.45781429562493203,0.015436846713166804,0.13853061981804698
770,27,149,413.6607163277177,4126.933692479007,389.9604697213796,4163.03171392889,54.0,0.08630086574955662,-0.1728804343531148,0.08584600429574954,-0.17289874347686904,0.015436846713166804,0.055753095320131896
771,31,149,286.22286085268047,4096.016113555928,389.9604697213796,4163.03171392889,54.0,0.08630086574955662,-0.3546182381655822,0.08584600429574954,-0.35043172146022716,0.015436846713166804,0.13740565446738778
772,16,149,510.22088537403255,4246.5421852479,389.9604697213796,4163.03171392889,54.0,0.08630086574955662,-0.37869246359903114,0.08584600429574954,-0.3687174597637421,0.015436846713166804,0.16018494853271006
773,19,149,324.8153272931308,4135.979057138678,389.9604697213796,4163.03171392889,54.0,0.08630086574955662,-0.19341035130141393,0.08584600429574954,-0.191475143887209,0.015436846713166804,0.08089492986997886
774,22,150,301.6304881357929,4156.037775497009,394.9748241590559,4145.544797531951,54.0,0.08630086574955662,-0.3759732032673988,0.08584600429574954,-0.3748458291004022,0.015436846713166804,0.11704357998103081
775,45,150,517.3116391169647,4113.7490927459785,394.9748241590559,4145.544797531951,54.0,0.08630086574955662,-0.3625123022181998,0.08584600429574954,-0.35674582400189814,0.015436846713166804,0.12745990354038253
776,60,150,462.2337953932308,4065.780960132662,394.9748241590559,4145.544797531951,54.0,0.08630086574955662,-0.4183235175103661,0.08584600429574954,-0.4173945274974698,0.015436846713166804,0.11387291886708713
777,64,150,251.14156651564912,4194.6094429104505,394.9748241590559,4145.544797531951,54.0,0.08630086574955662,-0.517861837886549,0.08584600429574954,-0.5145792922348671,0.015436846713166804,0.1934843272047404
778,31,150,286.22286085268047,4096.016113555928,394.9748241590559,4145.544797531951,54.0,0.08630086574955662,-0.43514746943687305,0.08584600429574954,-0.433593984107285,0.015436846713166804,0.14042933182635237
779,16,150,510.22088537403255,4246.5421852479,394.9748241590559,4145.544797531951,54.0,0.08630086574955662,-0.3905297687923411,0.08584600429574954,-0.3798814985696522,0.015436846713166804,0.15856933253591804
780,41,150,461.8106926932424,4070.996636995212,394.9748241590559,4145.544797531951,54.0,0.08630086574955662,-0.39249743752212046,0.08584600429574954,-0.3912795220303461,0.015436846713166804,0.10878887493474734
781,23,150,483.3372311402949,4299.149932898283,394.9748241590559,4145.544797531951,54.0,0.08630086574955662,-0.6872607703856042,0.08584600429574954,-0.6827617553281089,0.015436846713166804,0.21831822980503815
782,44,150,470.9318574712719,4102.798680980681,394.9748241590559,4145.544797531951,54.0,0.08630086574955662,-0.23049897530737368,0.08584600429574954,-0.22710935075928398,0.015436846713166804,0.08537850203402778
783,65,150,465.43944178630807,4063.6597216274654,394.9748241590559,4145.544797531951,54.0,0.08630086574955662,-0.42998623032790456,0.08584600429574954,-0.4288189490398618,0.015436846713166804,0.11721271041826196
784,19,150,324.8153272931308,4135.979057138678,394.9748241590559,4145.544797531951,54.0,0.08630086574955662,-0.26211687203406225,0.08584600429574954,-0.26144668352982753,0.015436846713166804,0.08325457140880796
785,27,150,413.6607163277177,4126.933692479007,394.9748241590559,4145.544797531951,54.0,0.08630086574955662,-0.12085701145777875,0.08584600429574954,-0.12093232204477883,0.015436846713166804,0.03426811119872603
786,61,150,463.203498736656,4062.892527800171,394.9748241590559,4145.544797531951,54.0,0.08630086574955662,-0.43267492334190893,0.08584600429574954,-0.43181031762403294,0.015436846713166804,0.11697679087736351
787,44,151,470.9318574712719,4102.798680980681,400.0129569713684,4123.689989750867,54.0,0.08630086574955662,-0.20357906608049264,0.08584600429574954,-0.1994952675770187,0.015436846713166804,0.06699879486391194
788,31,151,286.22286085268047,4096.016113555928,400.0129569713684,4123.689989750867,54.0,0.08630086574955662,-0.48550571027667955,0.08584600429574954,-0.4851284425123606,0.015436846713166804,0.14394641528766983
789,27,151,413.6607163277177,4126.933692479007,400.0129569713684,4123.689989750867,54.0,0.08630086574955662,-0.07076410893447968,0.08584600429574954,-0.07045032013930169,0.015436846713166804,0.01860573916546744
790,23,151,485.3312407692456,4298.036308618457,400.0129569713684,4123.689989750867,54.0,0.08630086574955662,-0.632872271537362,0.08584600429574954,-0.6238878084622537,0.015436846713166804,0.22034394262059537
791,16,151,510.22088537403255,4246.5421852479,400.0129569713684,4123.689989750867,54.0,0.08630086574955662,-0.40379758685652234,0.08584600429574954,-0.3922664005747725,0.015436846713166804,0.1647732462278583
792,22,151,301.6304881357929,4156.037775497009,400.0129569713684,4123.689989750867,54.0,0.08630086574955662,-0.40014398988551236,0.08584600429574954,-0.3989899256799167,0.015436846713166804,0.12436137970458651
793,41,151,461.8106926932424,4070.996636995212,400.0129569713684,4123.689989750867,54.0,0.08630086574955662,-0.34151450800974603,0.08584600429574954,-0.3407294765517731,0.015436846713166804,0.08503870717445881
794,19,151,324.8153272931308,4135.979057138678,400.0129569713684,4123.689989750867,54.0,0.08630086574955662,-0.2967993135067696,0.08584600429574954,-0.29652901369512086,0.015436846713166804,0.09022058655103365
795,60,152,462.2337953932308,4065.780960132662,368.6002895440568,4115.012049920167,54.0,0.08630086574955662,-0.49071766944417927,0.08584600429574954,-0.4927653985880586,0.015436846713166804,0.11964834965501117
796,21,152,129.6510563411616,4132.672991581291,368.6002895440568,4115.012049920167,54.0,0.08630086574955662,-0.5736280846436494,0.08584600429574954,-0.5594432029745935,0.015436846713166804,0.27309648263708786
797,44,152,470.9318574712719,4102.798680980681,368.6002895440568,4115.012049920167,54.0,0.08630086574955662,-0.3796773253276733,0.08584600429574954,-0.3773646008322808,0.015436846713166804,0.10652129770837884
798,19,152,324.8153272931308,4135.979057138678,368.6002895440568,4115.012049920167,54.0,0.08630086574955662,-0.1467377385436709,0.08584600429574954,-0.14515672622543568,0.015436846713166804,0.0560534881656647
799,31,152,286.22286085268047,4096.016113555928,368.6002895440568,4115.012049920167,54.0,0.08630086574955662,-0.2987805152971099,0.08584600429574954,-0.2967674485505485,0.015436846713166804,0.10109102902384516
800,22,152,301.6304881357929,4156.037775497009,368.6002895440568,4115.012049920167,54.0,0.08630086574955662,-0.2343935655251278,0.08584600429574954,-0.2313520341339267,0.015436846713166804,0.09076786790038106
801,27,152,413.6607163277177,4126.933692479007,368.6002895440568,4115.012049920167,54.0,0.08630086574955662,-0.254628343072529,0.08584600429574954,-0.25602375489525847,0.015436846713166804,0.060067120845073395
802,41,152,461.8106926932424,4070.996636995212,368.6002895440568,4115.012049920167,54.0,0.08630086574955662,-0.4809878271458237,0.08584600429574954,-0.48327751602318664,0.015436846713166804,0.11640283123865527
803,65,152,465.43944178630807,4063.6597216274654,368.6002895440568,4115.012049920167,54.0,0.08630086574955662,-0.5051748102116875,0.08584600429574954,-0.5070864122992728,0.015436846713166804,0.12333750545810872
804,44,153,470.9318574712719,4102.798680980681,355.472496002833,4097.248517477484,54.0,0.08630086574955662,-0.414848136110101,0.08584600429574954,-0.4117659235624007,0.015436846713166804,0.11970303888657459
805,41,153,461.8106926932424,4070.996636995212,355.472496002833,4097.248517477484,54.0,0.08630086574955662,-0.4919952249324009,0.08584600429574954,-0.49281779682408067,0.015436846713166804,0.12367687240146451
806,19,153,316.10609806511434,4122.733676591362,355.472496002833,4097.248517477484,54.0,0.08630086574955662,-0.14549568989223471,0.08584600429574954,-0.145009666728131,0.015436846713166804,0.055751192943288376
807,31,153,286.22286085268047,4096.016113555928,355.472496002833,4097.248517477484,54.0,0.08630086574955662,-0.2667946844708948,0.08584600429574954,-0.26522447971719476,0.015436846713166804,0.08355076017288614
808,64,153,251.14156651564912,4194.6094429104505,355.472496002833,4097.248517477484,54.0,0.08630086574955662,-0.43732652958529344,0.08584600429574954,-0.433681351019983,0.015436846713166804,0.1798213004501043
809,22,153,291.5513345881172,4141.9609335740015,355.472496002833,4097.248517477484,54.0,0.08630086574955662,-0.21180258682268638,0.08584600429574954,-0.2088468748398831,0.015436846713166804,0.09129443724129874
810,27,153,413.6607163277177,4126.933692479007,355.472496002833,4097.248517477484,54.0,0.08630086574955662,-0.34684592407821024,0.08584600429574954,-0.3482986715508952,0.015436846713166804,0.08430843351148981
811,23,154,485.3312407692456,4298.036308618457,430.3589859894354,4126.467692831069,54.0,0.08630086574955662,-0.4045478881446411,0.08584600429574954,-0.3905375078068218,0.015436846713166804,0.17955200321731418
812,27,154,413.6607163277177,4126.933692479007,430.3589859894354,4126.467692831069,54.0,0.08630086574955662,-0.06413397617037446,0.08584600429574954,-0.06383474316750704,0.015436846713166804,0.02122202935818842
813,35,154,583.2192292927565,4207.570440686977,430.3589859894354,4126.467692831069,54.0,0.08630086574955662,-0.5102360168235478,0.08584600429574954,-0.5034435966185424,0.015436846713166804,0.17791429448471444
814,39,154,491.6009153175041,3965.873607703836,430.3589859894354,4126.467692831069,54.0,0.08630086574955662,-0.43505290571799976,0.08584600429574954,-0.4292675957915984,0.015436846713166804,0.17319461372797293
815,44,154,470.9318574712719,4102.798680980681,430.3589859894354,4126.467692831069,54.0,0.08630086574955662,-0.0698082271462078,0.08584600429574954,-0.06668073508124876,0.015436846713166804,0.03683323278373518
816,43,154,630.0947010611478,4141.259609929846,430.3589859894354,4126.467692831069,54.0,0.08630086574955662,-0.5070057132186814,0.08584600429574954,-0.49749011007093613,0.015436846713166804,0.21933412532071803
817,45,154,517.3116391169647,4113.7490927459785,430.3589859894354,4126.467692831069,54.0,0.08630086574955662,-0.22212445265924988,0.08584600429574954,-0.2172676789378322,0.015436846713166804,0.08591007050374133
818,60,154,462.2337953932308,4065.780960132662,430.3589859894354,4126.467692831069,54.0,0.08630086574955662,-0.21684975008263413,0.08584600429574954,-0.21484257855060485,0.015436846713166804,0.06855954172035635
819,16,154,510.22088537403255,4246.5421852479,430.3589859894354,4126.467692831069,54.0,0.08630086574955662,-0.27482982758311975,0.08584600429574954,-0.26514234045180207,0.015436846713166804,0.1266896506401085
820,61,154,463.203498736656,4062.892527800171,430.3589859894354,4126.467692831069,54.0,0.08630086574955662,-0.22926689051666146,0.08584600429574954,-0.22722757897789841,0.015436846713166804,0.07168855702835439
821,66,154,493.8518825171933,3956.000689079267,430.3589859894354,4126.467692831069,54.0,0.08630086574955662,-0.46104076744296657,0.08584600429574954,-0.455063123957786,0.015436846713166804,0.18587503539607103
822,65,154,465.43944178630807,4063.6597216274654,430.3589859894354,4126.467692831069,54.0,0.08630086574955662,-0.22922282524732657,0.08584600429574954,-0.2269368196206653,0.015436846713166804,0.07147222579527354
823,41,154,461.8106926932424,4070.996636995212,430.3589859894354,4126.467692831069,54.0,0.08630086574955662,-0.19577775562150057,0.08584600429574954,-0.19367621810075566,0.015436846713166804,0.06311376709523116
824,47,154,497.40279712570856,4039.075701869608,430.3589859894354,4126.467692831069,54.0,0.08630086574955662,-0.4177642519408423,0.08584600429574954,-0.41334962085055904,0.015436846713166804,0.11725994133552188
825,19,154,324.8153272931308,4135.979057138678,430.3589859894354,4126.467692831069,54.0,0.08630086574955662,-0.40197162755405025,0.08584600429574954,-0.40108300584200046,0.015436846713166804,0.12563809096683584
826,22,154,301.6304881357929,4156.037775497009,430.3589859894354,4126.467692831069,54.0,0.08630086574955662,-0.5181870914875863,0.08584600429574954,-0.5167609149642381,0.015436846713166804,0.15955520970198545
827,66,155,493.8518825171933,3956.000689079267,449.2000034266989,4134.187260300013,54.0,0.08630086574955662,-0.4404879464977282,0.08584600429574954,-0.43327569648871556,0.015436846713166804,0.17367290334922103
828,41,155,461.8106926932424,4070.996636995212,449.2000034266989,4134.187260300013,54.0,0.08630086574955662,-0.148174904623446,0.08584600429574954,-0.14428445757468825,0.015436846713166804,0.04972957764656767
829,37,155,628.569594659982,4182.409690156388,449.2000034266989,4134.187260300013,54.0,0.08630086574955662,-0.4850839426683301,0.08584600429574954,-0.4746813748577501,0.015436846713166804,0.19014336191316625
830,61,155,463.203498736656,4062.892527800171,449.2000034266989,4134.187260300013,54.0,0.08630086574955662,-0.1824660030624781,0.08584600429574954,-0.1783349617551611,0.015436846713166804,0.05832489347474125
831,47,155,497.40279712570856,4039.075701869608,449.2000034266989,4134.187260300013,54.0,0.08630086574955662,-0.38668156892761363,0.08584600429574954,-0.38094048584124074,0.015436846713166804,0.10151205381033435
832,39,155,491.6009153175041,3965.873607703836,449.2000034266989,4134.187260300013,54.0,0.08630086574955662,-0.41312024574253003,0.08584600429574954,-0.40585655510966984,0.015436846713166804,0.16095818124415223
833,44,155,472.0029937650396,4104.126300266757,449.2000034266989,4134.187260300013,54.0,0.08630086574955662,-0.02939845607231706,0.08584600429574954,-0.02603954161878385,0.015436846713166804,0.0210211319488933
834,45,155,517.3116391169647,4113.7490927459785,449.2000034266989,4134.187260300013,54.0,0.08630086574955662,-0.17105064717016505,0.08584600429574954,-0.16553741939530292,0.015436846713166804,0.06266271232032615
835,22,155,301.6304881357929,4156.037775497009,449.2000034266989,4134.187260300013,54.0,0.08630086574955662,-0.56515188581959,0.08584600429574954,-0.563309501546116,0.015436846713166804,0.17931839841488473
836,35,155,583.2192292927565,4207.570440686977,449.2000034266989,4134.187260300013,54.0,0.08630086574955662,-0.4633690944737005,0.08584600429574954,-0.4570574216415197,0.015436846713166804,0.1566630553722046
837,27,155,413.6607163277177,4126.933692479007,449.2000034266989,4134.187260300013,54.0,0.08630086574955662,-0.10456084925237127,0.08584600429574954,-0.10366808480956552,0.015436846713166804,0.040298110389609385
838,40,155,580.3679443218005,4175.917211801147,449.2000034266989,4134.187260300013,54.0,0.08630086574955662,-0.380611787943712,0.08584600429574954,-0.3736528132644801,0.015436846713166804,0.1327086837501907
839,43,155,630.0947010611478,4141.259609929846,449.2000034266989,4134.187260300013,54.0,0.08630086574955662,-0.46419525648926196,0.08584600429574954,-0.45527957378810313,0.015436846713166804,0.1996080993323029
840,60,155,462.2337953932308,4065.780960132662,449.2000034266989,4134.187260300013,54.0,0.08630086574955662,-0.17050342288437034,0.08584600429574954,-0.16647083673450125,0.015436846713166804,0.055352761919088465
841,19,155,324.8153272931308,4135.979057138678,449.2000034266989,4134.187260300013,54.0,0.08630086574955662,-0.4423129081632592,0.08584600429574954,-0.44084384394878423,0.015436846713166804,0.1444816341917332
842,65,155,465.43944178630807,4063.6597216274654,449.2000034266989,4134.187260300013,54.0,0.08630086574955662,-0.1787900804907179,0.08584600429574954,-0.17461501142583533,0.015436846713166804,0.05734942181417374
843,16,155,510.22088537403255,4246.5421852479,449.2000034266989,4134.187260300013,54.0,0.08630086574955662,-0.22075266857402853,0.08584600429574954,-0.21097695778379416,0.015436846713166804,0.10252625603145055
844,23,155,485.3312407692456,4298.036308618457,449.2000034266989,4134.187260300013,54.0,0.08630086574955662,-0.25098885630879086,0.08584600429574954,-0.23545046051859705,0.015436846713166804,0.13602101579410422
845,47,156,497.40279712570856,4039.075701869608,419.46889643673006,4113.184483667058,54.0,0.08630086574955662,-0.4357161313132566,0.08584600429574954,-0.4337272055391366,0.015436846713166804,0.11597520251123464
846,43,156,630.0947010611478,4141.259609929846,419.46889643673006,4113.184483667058,54.0,0.08630086574955662,-0.6172450965940712,0.08584600429574954,-0.6096962085704145,0.015436846713166804,0.24696526007878372
847,66,156,493.8518825171933,3956.000689079267,419.46889643673006,4113.184483667058,54.0,0.08630086574955662,-0.46823879294788145,0.08584600429574954,-0.4632766986194014,0.015436846713166804,0.18131832483100274
848,27,156,413.6607163277177,4126.933692479007,419.46889643673006,4113.184483667058,54.0,0.08630086574955662,-0.0807255447447405,0.08584600429574954,-0.08020149289442123,0.015436846713166804,0.018556461364134153
849,22,156,301.6304881357929,4156.037775497009,419.46889643673006,4113.184483667058,54.0,0.08630086574955662,-0.5105381937663206,0.08584600429574954,-0.5088436757766661,0.015436846713166804,0.14776508060371962
850,61,156,463.203498736656,4062.892527800171,419.46889643673006,4113.184483667058,54.0,0.08630086574955662,-0.2533067552876729,0.08584600429574954,-0.2529994432209864,0.015436846713166804,0.06901922680979684
851,35,156,583.2192292927565,4207.570440686977,419.46889643673006,4113.184483667058,54.0,0.08630086574955662,-0.5575533920519588,0.08584600429574954,-0.5496422837331938,0.015436846713166804,0.19237083832362034
852,36,156,587.79522063936,3965.30735379632,419.46889643673006,4113.184483667058,54.0,0.08630086574955662,-1.0259297424702662,0.08584600429574954,-1.0236651147202767,0.015436846713166804,0.29648586689544904
853,31,156,286.22286085268047,4096.016113555928,419.46889643673006,4113.184483667058,54.0,0.08630086574955662,-0.5869765641903897,0.08584600429574954,-0.5864892946447268,0.015436846713166804,0.16260079410943162
854,39,156,491.6009153175041,3965.873607703836,419.46889643673006,4113.184483667058,54.0,0.08630086574955662,-0.4355689689403287,0.08584600429574954,-0.4303576643026139,0.015436846713166804,0.16774976447612147
855,45,156,517.3116391169647,4113.7490927459785,419.46889643673006,4113.184483667058,54.0,0.08630086574955662,-0.2580971330303125,0.08584600429574954,-0.2525930108564334,0.015436846713166804,0.09578576494791939
856,41,156,461.8106926932424,4070.996636995212,419.46889643673006,4113.184483667058,54.0,0.08630086574955662,-0.22025455739300198,0.08584600429574954,-0.21973256320757417,0.015436846713166804,0.06105026451785167
857,16,156,510.22088537403255,4246.5421852479,419.46889643673006,4113.184483667058,54.0,0.08630086574955662,-0.3406047954105658,0.08584600429574954,-0.3301470862997695,0.015436846713166804,0.1454501858766968
858,60,156,462.2337953932308,4065.780960132662,419.46889643673006,4113.184483667058,54.0,0.08630086574955662,-0.24087677482982114,0.08584600429574954,-0.24054073857926528,0.015436846713166804,0.06599009389519186
859,44,156,470.9318574712719,4102.798680980681,419.46889643673006,4113.184483667058,54.0,0.08630086574955662,-0.10120272711251611,0.08584600429574954,-0.09789861300891659,0.015436846713166804,0.04393130519604498
860,23,156,485.3312407692456,4298.036308618457,419.46889643673006,4113.184483667058,54.0,0.08630086574955662,-0.5007914887471906,0.08584600429574954,-0.48641714974118294,0.015436846713166804,0.20141323562186236
861,19,156,324.8153272931308,4135.979057138678,419.46889643673006,4113.184483667058,54.0,0.08630086574955662,-0.41564873001578206,0.08584600429574954,-0.41512512609230334,0.015436846713166804,0.11359179885620482
862,39,157,491.6009153175041,3965.873607703836,441.3058323016815,4117.330786645255,54.0,0.08630086574955662,-0.41250086163940713,0.08584600429574954,-0.4067259259543557,0.015436846713166804,0.1598326292221872
863,41,157,461.8106926932424,4070.996636995212,441.3058323016815,4117.330786645255,54.0,0.08630086574955662,-0.1653390075206903,0.08584600429574954,-0.1633606028394291,0.015436846713166804,0.0495305954146891
864,19,157,324.8153272931308,4135.979057138678,441.3058323016815,4117.330786645255,54.0,0.08630086574955662,-0.4564464523630113,0.08584600429574954,-0.4543690969534879,0.015436846713166804,0.134141112906931
865,47,157,497.40279712570856,4039.075701869608,441.3058323016815,4117.330786645255,54.0,0.08630086574955662,-0.38166349964317514,0.08584600429574954,-0.3777170741870935,0.015436846713166804,0.10194773684911905
866,23,157,485.3312407692456,4298.036308618457,441.3058323016815,4117.330786645255,54.0,0.08630086574955662,-0.3360851297045126,0.08584600429574954,-0.3212002387978238,0.015436846713166804,0.16525814876732928
867,61,157,463.203498736656,4062.892527800171,441.3058323016815,4117.330786645255,54.0,0.08630086574955662,-0.1994456399962606,0.08584600429574954,-0.19739610376283984,0.015436846713166804,0.058219361281945846
868,31,157,286.22286085268047,4096.016113555928,441.3058323016815,4117.330786645255,54.0,0.08630086574955662,-0.6489857077591956,0.08584600429574954,-0.6473433702383569,0.015436846713166804,0.18509114697494994
869,60,157,462.2337953932308,4065.780960132662,441.3058323016815,4117.330786645255,54.0,0.08630086574955662,-0.18700791551826895,0.08584600429574954,-0.18502741662289748,0.015436846713166804,0.05510789111088067
870,66,157,493.8518825171933,3956.000689079267,441.3058323016815,4117.330786645255,54.0,0.08630086574955662,-0.4397297328759244,0.08584600429574954,-0.43384332120043667,0.015436846713166804,0.17258578999538512
871,43,157,630.0947010611478,4141.259609929846,441.3058323016815,4117.330786645255,54.0,0.08630086574955662,-0.5322383034009075,0.08584600429574954,-0.5254762263604086,0.015436846713166804,0.2238117234788004
872,27,157,413.6607163277177,4126.933692479007,441.3058323016815,4117.330786645255,54.0,0.08630086574955662,-0.09503413609930468,0.08584600429574954,-0.09380018041534716,0.015436846713166804,0.03196390599483844
873,44,157,470.9318574712719,4102.798680980681,441.3058323016815,4117.330786645255,54.0,0.08630086574955662,-0.04043065300627234,0.08584600429574954,-0.03801236246254148,0.015436846713166804,0.023257804586669983
874,45,157,517.3116391169647,4113.7490927459785,441.3058323016815,4117.330786645255,54.0,0.08630086574955662,-0.19678854576612637,0.08584600429574954,-0.19230712568749359,0.015436846713166804,0.07424213849695993
875,35,157,583.2192292927565,4207.570440686977,441.3058323016815,4117.330786645255,54.0,0.08630086574955662,-0.4930597607687936,0.08584600429574954,-0.4862250406176783,0.015436846713166804,0.1693577893645612
876,65,157,465.43944178630807,4063.6597216274654,441.3058323016815,4117.330786645255,54.0,0.08630086574955662,-0.19861311411967517,0.08584600429574954,-0.19637709861998837,0.015436846713166804,0.05779963466306366
877,60,158,462.2337953932308,4065.780960132662,461.8757609389279,4119.020701517225,54.0,0.08630086574955662,-0.1515487604707552,0.08584600429574954,-0.1487775577927294,0.015436846713166804,0.04461821077616149
878,52,158,577.7231586056545,4060.836546501464,461.8757609389279,4119.020701517225,54.0,0.08630086574955662,-0.5637566822930841,0.08584600429574954,-0.562617202510229,0.015436846713166804,0.17174395280646784
879,37,158,628.569594659982,4182.409690156388,461.8757609389279,4119.020701517225,54.0,0.08630086574955662,-0.4523317702765726,0.08584600429574954,-0.44194787112615636,0.015436846713166804,0.19589578280941902
880,27,158,413.6607163277177,4126.933692479007,461.8757609389279,4119.020701517225,54.0,0.08630086574955662,-0.11367687691210429,0.08584600429574954,-0.1112108915651647,0.015436846713166804,0.04671693599287244
881,61,158,463.203498736656,4062.892527800171,461.8757609389279,4119.020701517225,54.0,0.08630086574955662,-0.1633914444882242,0.08584600429574954,-0.1605383107276739,0.015436846713166804,0.047567711415144355
882,41,158,461.8106926932424,4070.996636995212,461.8757609389279,4119.020701517225,54.0,0.08630086574955662,-0.12932460254878414,0.08584600429574954,-0.12671831722627055,0.015436846713166804,0.039038586984915524
883,45,158,517.3116391169647,4113.7490927459785,461.8757609389279,4119.020701517225,54.0,0.08630086574955662,-0.1726383514731425,0.08584600429574954,-0.16954375719370202,0.015436846713166804,0.06006632983891669
884,31,158,286.22286085268047,4096.016113555928,461.8757609389279,4119.020701517225,54.0,0.08630086574955662,-0.6787442844294408,0.08584600429574954,-0.6757123044484787,0.015436846713166804,0.20062261505890377
885,19,158,324.8153272931308,4135.979057138678,461.8757609389279,4119.020701517225,54.0,0.08630086574955662,-0.4660063365885984,0.08584600429574954,-0.46266159501767357,0.015436846713166804,0.1510363640175556
886,16,158,510.22088537403255,4246.5421852479,461.8757609389279,4119.020701517225,54.0,0.08630086574955662,-0.25829227627383966,0.08584600429574954,-0.24856163446661755,0.015436846713166804,0.11532424340326142
887,40,158,580.3679443218005,4175.917211801147,461.8757609389279,4119.020701517225,54.0,0.08630086574955662,-0.35495020660738835,0.08584600429574954,-0.3482902683348388,0.015436846713166804,0.1340179229790107
888,43,158,630.0947010611478,4141.259609929846,461.8757609389279,4119.020701517225,54.0,0.08630086574955662,-0.5216579219225288,0.08584600429574954,-0.5165853151324615,0.015436846713166804,0.20890078775461818
889,47,158,497.40279712570856,4039.075701869608,461.8757609389279,4119.020701517225,54.0,0.08630086574955662,-0.38906837801313887,0.08584600429574954,-0.3850736239841254,0.015436846713166804,0.09187395002119621
890,22,158,301.6304881357929,4156.037775497009,461.8757609389279,4119.020701517225,54.0,0.08630086574955662,-0.5725363179405847,0.08584600429574954,-0.5691650525442855,0.015436846713166804,0.18689330408779234
891,66,158,493.8518825171933,3956.000689079267,461.8757609389279,4119.020701517225,54.0,0.08630086574955662,-0.45646648010716784,0.08584600429574954,-0.45074986094539654,0.015436846713166804,0.16657671564080834
892,36,158,587.79522063936,3965.30735379632,461.8757609389279,4119.020701517225,54.0,0.08630086574955662,-1.0011411137566537,0.08584600429574954,-0.9957121278496216,0.015436846713166804,0.27862151680177405
893,39,158,491.6009153175041,3965.873607703836,461.8757609389279,4119.020701517225,54.0,0.08630086574955662,-0.4265748653925059,0.08584600429574954,-0.42082166939345833,0.015436846713166804,0.15354305033455387
894,65,158,465.43944178630807,4063.6597216274654,461.8757609389279,4119.020701517225,54.0,0.08630086574955662,-0.1595959260950677,0.08584600429574954,-0.15677603706867857,0.015436846713166804,0.046594535856653366
895,29,158,679.1344462972443,4226.875249913833,461.8757609389279,4119.020701517225,54.0,0.08630086574955662,-0.6190494589098989,0.08584600429574954,-0.6049842940398924,0.015436846713166804,0.26890024136999635
896,35,158,583.2192292927565,4207.570440686977,461.8757609389279,4119.020701517225,54.0,0.08630086574955662,-0.47384904153417073,0.08584600429574954,-0.46933593637584997,0.015436846713166804,0.15883924429832713
897,23,158,485.3312407692456,4298.036308618457,461.8757609389279,4119.020701517225,54.0,0.08630086574955662,-0.2419873947202713,0.08584600429574954,-0.22472486251722282,0.015436846713166804,0.13967514546749404
898,44,158,472.0029937650396,4104.126300266757,461.8757609389279,4119.020701517225,54.0,0.08630086574955662,-0.014905729748224752,0.08584600429574954,-0.01343885214777906,0.015436846713166804,0.010556181401629016
899,16,159,510.22088537403255,4246.5421852479,463.0991676542265,4094.409156956978,54.0,0.08630086574955662,-0.3179668661374634,0.08584600429574954,-0.3068990974360989,0.015436846713166804,0.13636670672167242
900,19,159,324.8153272931308,4135.979057138678,463.0991676542265,4094.409156956978,54.0,0.08630086574955662,-0.570723927842447,0.08584600429574954,-0.568545128973392,0.015436846713166804,0.161772600923123
901,22,159,301.6304881357929,4156.037775497009,463.0991676542265,4094.409156956978,54.0,0.08630086574955662,-0.6596801556817332,0.08584600429574954,-0.6560497183932127,0.015436846713166804,0.19470077711178807
902,45,160,517.3116391169647,4113.7490927459785,497.349430140396,4097.801429893575,54.0,0.08630086574955662,-0.19106058021410954,0.08584600429574954,-0.19004914164736575,0.015436846713166804,0.04116384944491633
903,54,160,562.1256537151418,3993.041990758743,497.349430140396,4097.801429893575,54.0,0.08630086574955662,-0.704199575116266,0.08584600429574954,-0.7015005418780887,0.015436846713166804,0.18939748658273156
904,47,160,497.40279712570856,4039.075701869608,497.349430140396,4097.801429893575,54.0,0.08630086574955662,-0.36443820529191046,0.08584600429574954,-0.3624843669323205,0.015436846713166804,0.07353731458620469
905,31,160,286.22286085268047,4096.016113555928,497.349430140396,4097.801429893575,54.0,0.08630086574955662,-0.9559877568538204,0.08584600429574954,-0.9541303172882099,0.015436846713166804,0.24119046841582795
906,52,160,577.7231586056545,4060.836546501464,497.349430140396,4097.801429893575,54.0,0.08630086574955662,-0.504501204370985,0.08584600429574954,-0.5056851266343487,0.015436846713166804,0.1358134316068835
907,37,160,628.569594659982,4182.409690156388,497.349430140396,4097.801429893575,54.0,0.08630086574955662,-0.5991411599566521,0.08584600429574954,-0.5949745062252342,0.015436846713166804,0.20644821112740008
908,51,160,515.5112789978382,4127.169092421015,497.349430140396,4097.801429893575,54.0,0.08630086574955662,-0.19185348634683763,0.08584600429574954,-0.1905255944724808,0.015436846713166804,0.04543808910315857
909,43,160,630.0947010611478,4141.259609929846,497.349430140396,4097.801429893575,54.0,0.08630086574955662,-0.6382864488304748,0.08584600429574954,-0.6361980081264187,0.015436846713166804,0.1986467356213282
910,36,160,587.79522063936,3965.30735379632,497.349430140396,4097.801429893575,54.0,0.08630086574955662,-0.8770538266445602,0.08584600429574954,-0.8729463601611575,0.015436846713166804,0.2545825908723778
911,44,160,483.44979327053113,4094.555736594287,497.349430140396,4097.801429893575,54.0,0.08630086574955662,-0.10433791406114813,0.08584600429574954,-0.10393125636702459,0.015436846713166804,0.016961006991833248
912,23,160,485.3312407692456,4298.036308618457,497.349430140396,4097.801429893575,54.0,0.08630086574955662,-0.38336096185347085,0.08584600429574954,-0.36865373211860125,0.015436846713166804,0.19196098348106355
913,41,160,461.8106926932424,4070.996636995212,497.349430140396,4097.801429893575,54.0,0.08630086574955662,-0.27163180284207644,0.08584600429574954,-0.2702717593257685,0.015436846713166804,0.04964564775846602
914,16,160,516.0758652237084,4245.553096251029,497.349430140396,4097.801429893575,54.0,0.08630086574955662,-0.5436874018440963,0.08584600429574954,-0.5390306766863183,0.015436846713166804,0.1730038819649871
915,60,160,462.2337953932308,4065.780960132662,497.349430140396,4097.801429893575,54.0,0.08630086574955662,-0.2950263609209287,0.08584600429574954,-0.2936264288458906,0.015436846713166804,0.05397695512477819
916,35,160,583.2192292927565,4207.570440686977,497.349430140396,4097.801429893575,54.0,0.08630086574955662,-0.5991303473114874,0.08584600429574954,-0.5988755187190427,0.015436846713166804,0.17616851045676457
917,29,160,679.1344462972443,4226.875249913833,497.349430140396,4097.801429893575,54.0,0.08630086574955662,-0.7354527461416281,0.08584600429574954,-0.7235743217535465,0.015436846713166804,0.2857557041763633
918,61,160,463.203498736656,4062.892527800171,497.349430140396,4097.801429893575,54.0,0.08630086574955662,-0.3068587488116913,0.08584600429574954,-0.30545236724426567,0.015436846713166804,0.055900846258000625
919,39,160,491.6009153175041,3965.873607703836,497.349430140396,4097.801429893575,54.0,0.08630086574955662,-0.5219130060648997,0.08584600429574954,-0.5176660378440129,0.015436846713166804,0.15003140038739016
920,66,160,493.8518825171933,3956.000689079267,497.349430140396,4097.801429893575,54.0,0.08630086574955662,-0.5499456449204028,0.08584600429574954,-0.5457522119356364,0.015436846713166804,0.1625921667520117
921,27,160,413.6607163277177,4126.933692479007,497.349430140396,4097.801429893575,54.0,0.08630086574955662,-0.22082256828168104,0.08584600429574954,-0.21590575854124563,0.015436846713166804,0.08191584658624411
922,22,160,301.6304881357929,4156.037775497009,497.349430140396,4097.801429893575,54.0,0.08630086574955662,-0.6902503909341372,0.08584600429574954,-0.6837791415505298,0.015436846713166804,0.21980740253135211
923,19,160,324.8153272931308,4135.979057138678,497.349430140396,4097.801429893575,54.0,0.08630086574955662,-0.6204904065392091,0.08584600429574954,-0.6154009066834364,0.015436846713166804,0.18481835775234545
924,65,160,465.43944178630807,4063.6597216274654,497.349430140396,4097.801429893575,54.0,0.08630086574955662,-0.2968141227079684,0.08584600429574954,-0.2954510041109902,0.015436846713166804,0.0536612161511825
925,40,160,580.3679443218005,4175.917211801147,497.349430140396,4097.801429893575,54.0,0.08630086574955662,-0.4879124474889669,0.08584600429574954,-0.4851553776211028,0.015436846713166804,0.14530701111624533
926,27,161,413.6607163277177,4126.933692479007,427.0875297765728,4166.871477716365,54.0,0.08630086574955662,-0.16184825270863373,0.08584600429574954,-0.160527671581401,0.015436846713166804,0.052004856022989314
927,22,161,301.6304881357929,4156.037775497009,427.0875297765728,4166.871477716365,54.0,0.08630086574955662,-0.4321636997987044,0.08584600429574954,-0.42910186185910276,0.015436846713166804,0.15724531916586393
928,19,161,324.8153272931308,4135.979057138678,427.0875297765728,4166.871477716365,54.0,0.08630086574955662,-0.3594552308556399,0.08584600429574954,-0.35731071260341724,0.015436846713166804,0.12966301237205666
929,45,162,517.3116391169647,4113.7490927459785,445.0921586695306,4179.847078147817,54.0,0.08630086574955662,-0.16610056461867237,0.08584600429574954,-0.15592883258900797,0.015436846713166804,0.0730094369986856
930,16,162,510.22088537403255,4246.5421852479,445.0921586695306,4179.847078147817,54.0,0.08630086574955662,-0.18686418271801114,0.08584600429574954,-0.1797896085921173,0.015436846713166804,0.0858637400122852
931,37,162,628.569594659982,4182.409690156388,445.0921586695306,4179.847078147817,54.0,0.08630086574955662,-0.5618191238113188,0.08584600429574954,-0.5538416213326651,0.015436846713166804,0.20326892793085205
932,43,162,630.0947010611478,4141.259609929846,445.0921586695306,4179.847078147817,54.0,0.08630086574955662,-0.5625611514123193,0.08584600429574954,-0.5544894682564349,0.015436846713166804,0.2081801767089744
933,30,162,625.9985091941669,4344.425799606012,445.0921586695306,4179.847078147817,54.0,0.08630086574955662,-0.9327822099417804,0.08584600429574954,-0.9257179461669247,0.015436846713166804,0.2684726171025025
934,35,162,583.2192292927565,4207.570440686977,445.0921586695306,4179.847078147817,54.0,0.08630086574955662,-0.4409620462925606,0.08584600429574954,-0.4344834785889458,0.015436846713166804,0.14897732950866208
935,41,162,461.8106926932424,4070.996636995212,445.0921586695306,4179.847078147817,54.0,0.08630086574955662,-0.20446560763977456,0.08584600429574954,-0.19474906768498604,0.015436846713166804,0.08506553892661821
936,23,162,485.3312407692456,4298.036308618457,445.0921586695306,4179.847078147817,54.0,0.08630086574955662,-0.30675794566447734,0.08584600429574954,-0.29755293470197863,0.015436846713166804,0.1258282991318294
937,60,162,462.2337953932308,4065.780960132662,445.0921586695306,4179.847078147817,54.0,0.08630086574955662,-0.22732955504176025,0.08584600429574954,-0.217515503240681,0.015436846713166804,0.0909150391734326
938,44,162,472.0029937650396,4104.126300266757,445.0921586695306,4179.847078147817,54.0,0.08630086574955662,-0.06276555447570212,0.08584600429574954,-0.05393517144154749,0.015436846713166804,0.04571856251072411
939,16,163,510.22088537403255,4246.5421852479,464.4918658899569,4168.568037566508,54.0,0.08630086574955662,-0.19536975509199522,0.08584600429574954,-0.18982946700234338,0.015436846713166804,0.08383924190684013
940,29,163,679.1344462972443,4226.875249913833,464.4918658899569,4168.568037566508,54.0,0.08630086574955662,-0.6840801176561592,0.08584600429574954,-0.6741626606322082,0.015436846713166804,0.262281222246467
941,35,163,583.2192292927565,4207.570440686977,464.4918658899569,4168.568037566508,54.0,0.08630086574955662,-0.4431961525746808,0.08584600429574954,-0.4392785055849439,0.015436846713166804,0.14006328868771448
942,27,163,413.6607163277177,4126.933692479007,464.4918658899569,4168.568037566508,54.0,0.08630086574955662,-0.1385759679287316,0.08584600429574954,-0.13409630235806122,0.015436846713166804,0.05995063460667803
943,23,163,485.3312407692456,4298.036308618457,464.4918658899569,4168.568037566508,54.0,0.08630086574955662,-0.2147746090071674,0.08584600429574954,-0.20279987129546467,0.015436846713166804,0.11689254583632017
944,44,163,472.0029937650396,4104.126300266757,464.4918658899569,4168.568037566508,54.0,0.08630086574955662,-0.03822745455895116,0.08584600429574954,-0.031305981851925825,0.015436846713166804,0.03128440712572239
945,37,163,628.569594659982,4182.409690156388,464.4918658899569,4168.568037566508,54.0,0.08630086574955662,-0.5093740473464374,0.08584600429574954,-0.5041241420255768,0.015436846713166804,0.18576169013988098
946,43,163,630.0947010611478,4141.259609929846,464.4918658899569,4168.568037566508,54.0,0.08630086574955662,-0.5512733999641596,0.08584600429574954,-0.5455673916067199,0.015436846713166804,0.19540591893215137
947,61,163,463.203498736656,4062.892527800171,464.4918658899569,4168.568037566508,54.0,0.08630086574955662,-0.18762125114844577,0.08584600429574954,-0.1791116576222314,0.015436846713166804,0.06955553331411629
948,19,163,324.8153272931308,4135.979057138678,464.4918658899569,4168.568037566508,54.0,0.08630086574955662,-0.43012697911279,0.08584600429574954,-0.4235983163215957,0.015436846713166804,0.15879773787631432
949,65,163,465.43944178630807,4063.6597216274654,464.4918658899569,4168.568037566508,54.0,0.08630086574955662,-0.18418825928840657,0.08584600429574954,-0.17571485892543603,0.015436846713166804,0.06866116187240293
950,45,163,517.3116391169647,4113.7490927459785,464.4918658899569,4168.568037566508,54.0,0.08630086574955662,-0.15634993657885352,0.08584600429574954,-0.14907218583518608,0.015436846713166804,0.06423768407934506
951,40,163,580.3679443218005,4175.917211801147,464.4918658899569,4168.568037566508,54.0,0.08630086574955662,-0.3735564655036273,0.08584600429574954,-0.37010650115045557,0.015436846713166804,0.1252997064303746
952,60,163,462.2337953932308,4065.780960132662,464.4918658899569,4168.568037566508,54.0,0.08630086574955662,-0.1759047108129529,0.08584600429574954,-0.16747577546769848,0.015436846713166804,0.06663880731797626
953,30,163,625.9985091941669,4344.425799606012,464.4918658899569,4168.568037566508,54.0,0.08630086574955662,-1.0089451284253306,0.08584600429574954,-1.001465747240031,0.015436846713166804,0.271945354001567
954,41,163,461.8106926932424,4070.996636995212,464.4918658899569,4168.568037566508,54.0,0.08630086574955662,-0.15445269819293733,0.08584600429574954,-0.1461851046909303,0.015436846713166804,0.061255271886467406
955,44,164,472.0029937650396,4104.126300266757,459.1578980508352,4149.265568710596,54.0,0.08630086574955662,-0.029752456498746287,0.08584600429574954,-0.025058325353017823,0.015436846713166804,0.02336528556001827
956,45,164,517.3116391169647,4113.7490927459785,459.1578980508352,4149.265568710596,54.0,0.08630086574955662,-0.1553602727630876,0.08584600429574954,-0.14890494530966408,0.015436846713166804,0.054999434501458055
957,60,164,462.2337953932308,4065.780960132662,459.1578980508352,4149.265568710596,54.0,0.08630086574955662,-0.1668860654379995,0.08584600429574954,-0.16081251030457905,0.015436846713166804,0.05813473469076565
958,40,164,580.3679443218005,4175.917211801147,459.1578980508352,4149.265568710596,54.0,0.08630086574955662,-0.376992879961803,0.08584600429574954,-0.371993122286624,0.015436846713166804,0.12936970679691606
959,22,164,301.6304881357929,4156.037775497009,459.1578980508352,4149.265568710596,54.0,0.08630086574955662,-0.48151779380955895,0.08584600429574954,-0.47524828058660107,0.015436846713166804,0.18445813317921758
960,43,164,630.0947010611478,4141.259609929846,459.1578980508352,4149.265568710596,54.0,0.08630086574955662,-0.45841463031679175,0.08584600429574954,-0.45058475255955044,0.015436846713166804,0.195034365982312
961,66,164,493.8518825171933,3956.000689079267,459.1578980508352,4149.265568710596,54.0,0.08630086574955662,-0.4894949194111895,0.08584600429574954,-0.4802749250587086,0.015436846713166804,0.18246551517366724
962,65,164,465.43944178630807,4063.6597216274654,459.1578980508352,4149.265568710596,54.0,0.08630086574955662,-0.17544418358833652,0.08584600429574954,-0.16931349445272945,0.015436846713166804,0.060259156508963546
963,16,164,510.22088537403255,4246.5421852479,459.1578980508352,4149.265568710596,54.0,0.08630086574955662,-0.2116345842026044,0.08584600429574954,-0.20385775820491225,0.015436846713166804,0.09458148329642649
964,35,164,583.2192292927565,4207.570440686977,459.1578980508352,4149.265568710596,54.0,0.08630086574955662,-0.4520372529843284,0.08584600429574954,-0.4472697578464713,0.015436846713166804,0.14753972030439336
965,37,164,628.569594659982,4182.409690156388,459.1578980508352,4149.265568710596,54.0,0.08630086574955662,-0.4957893075355201,0.08584600429574954,-0.4878981726772492,0.015436846713166804,0.18759071324658208
966,41,164,461.8106926932424,4070.996636995212,459.1578980508352,4149.265568710596,54.0,0.08630086574955662,-0.1452318264901259,0.08584600429574954,-0.13932263396851743,0.015436846713166804,0.052692700771721515
967,27,164,413.6607163277177,4126.933692479007,459.1578980508352,4149.265568710596,54.0,0.08630086574955662,-0.11977432676454078,0.08584600429574954,-0.11758537632220187,0.015436846713166804,0.04880817057460011
968,39,164,491.6009153175041,3965.873607703836,459.1578980508352,4149.265568710596,54.0,0.08630086574955662,-0.45864691311043465,0.08584600429574954,-0.44940542678557666,0.015436846713166804,0.1693569503822783
969,31,164,286.22286085268047,4096.016113555928,459.1578980508352,4149.265568710596,54.0,0.08630086574955662,-0.6388740014721703,0.08584600429574954,-0.6356152480719769,0.015436846713166804,0.20879550477413
970,23,164,485.3312407692456,4298.036308618457,459.1578980508352,4149.265568710596,54.0,0.08630086574955662,-0.22662930647882618,0.08584600429574954,-0.21234786147189216,0.015436846713166804,0.1258626176847776
971,30,164,625.9985091941669,4344.425799606012,459.1578980508352,4149.265568710596,54.0,0.08630086574955662,-1.0575746696450636,0.08584600429574954,-1.047482518741707,0.015436846713166804,0.28543183986110915
972,29,164,679.1344462972443,4226.875249913833,459.1578980508352,4149.265568710596,54.0,0.08630086574955662,-0.6620835354557211,0.08584600429574954,-0.6504030768473651,0.015436846713166804,0.26656329705647697
973,47,164,497.40279712570856,4039.075701869608,459.1578980508352,4149.265568710596,54.0,0.08630086574955662,-0.4358280264962424,0.08584600429574954,-0.42868061772997673,0.015436846713166804,0.10768355353522126
974,19,164,324.8153272931308,4135.979057138678,459.1578980508352,4149.265568710596,54.0,0.08630086574955662,-0.45051452532779274,0.08584600429574954,-0.447946006913484,0.015436846713166804,0.14987963389642656
975,61,164,463.203498736656,4062.892527800171,459.1578980508352,4149.265568710596,54.0,0.08630086574955662,-0.17873171339360647,0.08584600429574954,-0.1725736877736905,0.015436846713166804,0.06109339025617044
976,40,165,580.3679443218005,4175.917211801147,475.4797026759927,4147.082451233341,54.0,0.08630086574955662,-0.36913287373355697,0.08584600429574954,-0.36576296474955394,0.015436846713166804,0.12173654461686377
977,41,165,461.8106926932424,4070.996636995212,475.4797026759927,4147.082451233341,54.0,0.08630086574955662,-0.14764757318701566,0.08584600429574954,-0.14189846722633567,0.015436846713166804,0.053179576551317734
978,45,165,517.3116391169647,4113.7490927459785,475.4797026759927,4147.082451233341,54.0,0.08630086574955662,-0.14679844293376354,0.08584600429574954,-0.14186226145207464,0.015436846713166804,0.0509470493865259
979,27,165,413.6607163277177,4126.933692479007,475.4797026759927,4147.082451233341,54.0,0.08630086574955662,-0.12090192134829099,0.08584600429574954,-0.11683796853842475,0.015436846713166804,0.05329084101620673
980,43,165,630.0947010611478,4141.259609929846,475.4797026759927,4147.082451233341,54.0,0.08630086574955662,-0.4506725103110575,0.08584600429574954,-0.4447432731221621,0.015436846713166804,0.18806566746303124
981,60,165,462.2337953932308,4065.780960132662,475.4797026759927,4147.082451233341,54.0,0.08630086574955662,-0.16928713382843025,0.08584600429574954,-0.1633877698587159,0.015436846713166804,0.05860328384769375
982,29,165,679.1344462972443,4226.875249913833,475.4797026759927,4147.082451233341,54.0,0.08630086574955662,-0.652163899886187,0.08584600429574954,-0.6433471877823224,0.015436846713166804,0.25900597331690955
983,66,165,493.8518825171933,3956.000689079267,475.4797026759927,4147.082451233341,54.0,0.08630086574955662,-0.6424418524260819,0.08584600429574954,-0.6342634007264782,0.015436846713166804,0.20672821520624216
984,30,165,625.9985091941669,4344.425799606012,475.4797026759927,4147.082451233341,54.0,0.08630086574955662,-1.1103854109918583,0.08584600429574954,-1.102931724382067,0.015436846713166804,0.2913786656350263
985,31,165,286.22286085268047,4096.016113555928,475.4797026759927,4147.082451233341,54.0,0.08630086574955662,-0.6568552122326803,0.08584600429574954,-0.6521205139699132,0.015436846713166804,0.21414262438982642
986,44,165,472.0029937650396,4104.126300266757,475.4797026759927,4147.082451233341,54.0,0.08630086574955662,-0.030321912552113386,0.08584600429574954,-0.026032535642314867,0.015436846713166804,0.02295378093061325
987,61,165,463.203498736656,4062.892527800171,475.4797026759927,4147.082451233341,54.0,0.08630086574955662,-0.1809007277036609,0.08584600429574954,-0.1749328937909969,0.015436846713166804,0.06149513169298285
988,37,165,628.569594659982,4182.409690156388,475.4797026759927,4147.082451233341,54.0,0.08630086574955662,-0.48447970965925236,0.08584600429574954,-0.4780236428941287,0.015436846713166804,0.17916750589572528
989,35,165,583.2192292927565,4207.570440686977,475.4797026759927,4147.082451233341,54.0,0.08630086574955662,-0.44890118748948155,0.08584600429574954,-0.44589028707840456,0.015436846713166804,0.1440123557670405
990,19,165,324.8153272931308,4135.979057138678,475.4797026759927,4147.082451233341,54.0,0.08630086574955662,-0.45740576085936,0.08584600429574954,-0.4529431495719968,0.015436846713166804,0.15657006404921747
991,22,165,301.6304881357929,4156.037775497009,475.4797026759927,4147.082451233341,54.0,0.08630086574955662,-0.4943867486984878,0.08584600429574954,-0.48793465534679326,0.015436846713166804,0.1906990081284666
992,52,165,577.7231586056545,4060.836546501464,475.4797026759927,4147.082451233341,54.0,0.08630086574955662,-0.5465728208356101,0.08584600429574954,-0.5423243237449876,0.015436846713166804,0.16951281584387215
993,47,165,497.40279712570856,4039.075701869608,475.4797026759927,4147.082451233341,54.0,0.08630086574955662,-0.45925362655611424,0.08584600429574954,-0.4532376445742037,0.015436846713166804,0.11853782584941609
994,39,165,491.6009153175041,3965.873607703836,475.4797026759927,4147.082451233341,54.0,0.08630086574955662,-0.6141015020515029,0.08584600429574954,-0.6058787440453816,0.015436846713166804,0.19403196598123515
995,23,165,485.3312407692456,4298.036308618457,475.4797026759927,4147.082451233341,54.0,0.08630086574955662,-0.29245991032298174,0.08584600429574954,-0.28170347655022915,0.015436846713166804,0.14841553966988935
996,65,165,465.43944178630807,4063.6597216274654,475.4797026759927,4147.082451233341,54.0,0.08630086574955662,-0.1770122890398179,0.08584600429574954,-0.17109964086489246,0.015436846713166804,0.060509744381155674
997,16,165,510.22088537403255,4246.5421852479,475.4797026759927,4147.082451233341,54.0,0.08630086574955662,-0.2500559651980192,0.08584600429574954,-0.2438513966763453,0.015436846713166804,0.10308291485335538
998,19,166,324.8153272931308,4135.979057138678,498.85963272442586,4149.354031148768,54.0,0.08630086574955662,-0.4788673593695665,0.08584600429574954,-0.47162912144472274,0.015436846713166804,0.17175199368390973
999,22,166,301.6304881357929,4156.037775497009,498.85963272442586,4149.354031148768,54.0,0.08630086574955662,-0.5105441016331767,0.08584600429574954,-0.4988302717260412,0.015436846713166804,0.20805893537640707
1000,29,166,679.1344462972443,4226.875249913833,498.85963272442586,4149.354031148768,54.0,0.08630086574955662,-0.620657130756399,0.08584600429574954,-0.6136990460788871,0.015436846713166804,0.24137816503674311
1001,27,166,413.6607163277177,4126.933692479007,498.85963272442586,4149.354031148768,54.0,0.08630086574955662,-0.14059605697754407,0.08584600429574954,-0.1337416662017293,0.015436846713166804,0.06790403848141201
1002,16,166,515.9011274209425,4245.55274990534,498.85963272442586,4149.354031148768,54.0,0.08630086574955662,-0.387563464950187,0.08584600429574954,-0.38566216271165565,0.015436846713166804,0.11266015855244245
1003,30,166,625.9985091941669,4344.425799606012,498.85963272442586,4149.354031148768,54.0,0.08630086574955662,-1.1449427835244268,0.08584600429574954,-1.1416145960448636,0.015436846713166804,0.28950806765182513
1004,23,166,485.3312407692456,4298.036308618457,498.85963272442586,4149.354031148768,54.0,0.08630086574955662,-0.29096755332442237,0.08584600429574954,-0.28045950697146005,0.015436846713166804,0.14723909230862867
1005,44,167,470.9318574712719,4102.798680980681,350.7173577542719,4134.155684330466,54.0,0.08630086574955662,-0.4612442260594186,0.08584600429574954,-0.45885421099340706,0.015436846713166804,0.13172887650042353
1006,27,167,413.6607163277177,4126.933692479007,350.7173577542719,4134.155684330466,54.0,0.08630086574955662,-0.29893030490323036,0.08584600429574954,-0.3000353133417167,0.015436846713166804,0.08120481531244828
1007,31,167,286.22286085268047,4096.016113555928,350.7173577542719,4134.155684330466,54.0,0.08630086574955662,-0.18039270623743325,0.08584600429574954,-0.17629382744056576,0.015436846713166804,0.077698398942738
1008,41,167,461.8106926932424,4070.996636995212,350.7173577542719,4134.155684330466,54.0,0.08630086574955662,-0.597255086654187,0.08584600429574954,-0.5995174597213652,0.015436846713166804,0.14737836903201768
1009,65,167,465.43944178630807,4063.6597216274654,350.7173577542719,4134.155684330466,54.0,0.08630086574955662,-0.6246165856216005,0.08584600429574954,-0.6268982595249594,0.015436846713166804,0.1550539264757269
1010,64,167,251.14156651564912,4194.6094429104505,350.7173577542719,4134.155684330466,54.0,0.08630086574955662,-0.375655662660986,0.08584600429574954,-0.37186443026244054,0.015436846713166804,0.14459316928100097
1011,25,168,264.330530090726,3842.899620060988,131.46744279750484,4022.1752609204777,54.0,0.08630086574955662,-0.598606749651457,0.08584600429574954,-0.5876188952309882,0.015436846713166804,0.2455612371800352
1012,6,168,202.24335058105044,4025.5497211369657,131.46744279750484,4022.1752609204777,54.0,0.08630086574955662,-0.24619140225611982,0.08584600429574954,-0.24461562482012042,0.015436846713166804,0.09359917977597797
1013,28,168,181.0656949265822,4007.0767963031503,131.46744279750484,4022.1752609204777,54.0,0.08630086574955662,-0.15870385644506896,0.08584600429574954,-0.1569588901537534,0.015436846713166804,0.0671051129435863
1014,9,168,9.936533141897351,4088.226647492491,131.46744279750484,4022.1752609204777,54.0,0.08630086574955662,-0.4548775250722684,0.08584600429574954,-0.4499669953531419,0.015436846713166804,0.187597065813508
1015,25,169,264.330530090726,3842.899620060988,142.92374259500085,4021.607757539198,54.0,0.08630086574955662,-0.6024745296194352,0.08584600429574954,-0.590898050012121,0.015436846713166804,0.22993726054027833
1016,28,169,181.0656949265822,4007.0767963031503,142.92374259500085,4021.607757539198,54.0,0.08630086574955662,-0.1291961922486958,0.08584600429574954,-0.12754867422662583,0.015436846713166804,0.05242475964468073
1017,9,169,9.936533141897351,4088.226647492491,142.92374259500085,4021.607757539198,54.0,0.08630086574955662,-0.4872986575861315,0.08584600429574954,-0.4818478041120209,0.015436846713166804,0.19998119513828957
1018,6,169,202.24335058105044,4025.5497211369657,142.92374259500085,4021.607757539198,54.0,0.08630086574955662,-0.22155258799644748,0.08584600429574954,-0.2202154435368909,0.015436846713166804,0.07832085459940055
1019,6,170,202.24335058105044,4025.5497211369657,167.98837729426415,4027.149371312973,54.0,0.08630086574955662,-0.11463515071151766,0.08584600429574954,-0.11361912822968628,0.015436846713166804,0.04718912822072459
1020,28,170,181.0656949265822,4007.0767963031503,167.98837729426415,4027.149371312973,54.0,0.08630086574955662,-0.09574860117086535,0.08584600429574954,-0.09505866844653922,0.015436846713166804,0.03138529042065813
1021,9,170,9.936533141897351,4088.226647492491,167.98837729426415,4027.149371312973,54.0,0.08630086574955662,-0.5475771560409111,0.08584600429574954,-0.5396695578681995,0.015436846713166804,0.22246709993496427
1022,25,170,264.330530090726,3842.899620060988,167.98837729426415,4027.149371312973,54.0,0.08630086574955662,-0.6761647797486531,0.08584600429574954,-0.6660297072958025,0.015436846713166804,0.2175689174706955
1023,38,171,292.2609771757026,3909.816818957042,187.05359221279923,4017.21674433976,54.0,0.08630086574955662,-0.48726869558999175,0.08584600429574954,-0.48340121483188286,0.015436846713166804,0.18349295722744172
1024,28,171,181.0656949265822,4007.0767963031503,187.05359221279923,4017.21674433976,54.0,0.08630086574955662,-0.06843452055764847,0.08584600429574954,-0.06868231340987636,0.015436846713166804,0.016988556475123942
1025,6,171,202.24335058105044,4025.5497211369657,187.05359221279923,4017.21674433976,54.0,0.08630086574955662,-0.09504799823021708,0.08584600429574954,-0.09538376998659617,0.015436846713166804,0.02479409621176855
1026,25,171,267.9482254989196,3844.583776105834,187.05359221279923,4017.21674433976,54.0,0.08630086574955662,-0.576035787515665,0.08584600429574954,-0.5678322817222605,0.015436846713166804,0.19388424858912104
1027,9,171,9.936533141897351,4088.226647492491,187.05359221279923,4017.21674433976,54.0,0.08630086574955662,-0.6409942446046156,0.08584600429574954,-0.6328727281655995,0.015436846713166804,0.25069013847828037
1028,25,172,264.330530090726,3842.899620060988,162.7302657389057,4007.499501585424,54.0,0.08630086574955662,-0.5795007468379706,0.08584600429574954,-0.5685872058746232,0.015436846713166804,0.1996225933494151
1029,9,172,9.936533141897351,4088.226647492491,162.7302657389057,4007.499501585424,54.0,0.08630086574955662,-0.5498481986066113,0.08584600429574954,-0.5436606345233567,0.015436846713166804,0.2316949672411928
1030,28,172,181.0656949265822,4007.0767963031503,162.7302657389057,4007.499501585424,54.0,0.08630086574955662,-0.068135035792983,0.08584600429574954,-0.06746700009874562,0.015436846713166804,0.02411499484399096
1031,25,173,264.330530090726,3842.899620060988,162.64141812057804,3985.038793359939,54.0,0.08630086574955662,-0.4530595665648493,0.08584600429574954,-0.4430966311423411,0.015436846713166804,0.17961579048296653
1032,6,173,202.24335058105044,4025.5497211369657,162.64141812057804,3985.038793359939,54.0,0.08630086574955662,-0.28146475357848666,0.08584600429574954,-0.28127333729906917,0.015436846713166804,0.07568844737681393
1033,28,173,181.0656949265822,4007.0767963031503,162.64141812057804,3985.038793359939,54.0,0.08630086574955662,-0.12921511210285674,0.08584600429574954,-0.12863934749603545,0.015436846713166804,0.03800369348147726
1034,28,174,181.0656949265822,4007.0767963031503,160.65340157556597,3968.598112467385,54.0,0.08630086574955662,-0.18907806438332195,0.08584600429574954,-0.1878636377717987,0.015436846713166804,0.05722244195982516
1035,25,174,264.330530090726,3842.899620060988,160.65340157556597,3968.598112467385,54.0,0.08630086574955662,-0.3682604922348795,0.08584600429574954,-0.35897071914191814,0.015436846713166804,0.1722256804801436
1036,38,174,292.2609771757026,3909.816818957042,160.65340157556597,3968.598112467385,54.0,0.08630086574955662,-0.4977786900352161,0.08584600429574954,-0.49403900819245733,0.015436846713166804,0.1740681664584582
1037,53,174,275.4374088407163,3843.51011953928,160.65340157556597,3968.598112467385,54.0,0.08630086574955662,-0.3570237647285147,0.08584600429574954,-0.3462425063976107,0.015436846713166804,0.16394621561350922
1038,25,175,264.330530090726,3842.899620060988,136.56628878569435,3964.708171074401,54.0,0.08630086574955662,-0.4270531095392612,0.08584600429574954,-0.4179807425582292,0.015436846713166804,0.19677007361310253
1039,9,175,9.936533141897351,4088.226647492491,136.56628878569435,3964.708171074401,54.0,0.08630086574955662,-0.6093964414847254,0.08584600429574954,-0.6016148051752558,0.015436846713166804,0.24729374221128622
1040,28,175,181.0656949265822,4007.0767963031503,136.56628878569435,3964.708171074401,54.0,0.08630086574955662,-0.25881038019037533,0.08584600429574954,-0.25656311088656125,0.015436846713166804,0.08262957244283511
1041,9,176,9.936533141897351,4088.226647492491,91.3677403813582,3953.0176969902304,54.0,0.08630086574955662,-0.5823714463072481,0.08584600429574954,-0.5805409682239919,0.015436846713166804,0.2306262851883075
1042,28,176,181.0656949265822,4007.0767963031503,91.3677403813582,3953.0176969902304,54.0,0.08630086574955662,-0.4701367189840543,0.08584600429574954,-0.46606139689277193,0.015436846713166804,0.15002767675204431
1043,25,176,264.330530090726,3842.899620060988,91.3677403813582,3953.0176969902304,54.0,0.08630086574955662,-0.7079433332324161,0.08584600429574954,-0.7047967725884448,0.015436846713166804,0.2600470025445496
1044,25,177,264.330530090726,3842.899620060988,152.51651964535588,3953.440781658878,54.0,0.08630086574955662,-0.34622670607300876,0.08584600429574954,-0.33810818594258174,0.015436846713166804,0.16843209720735305
1045,28,177,181.0656949265822,4007.0767963031503,152.51651964535588,3953.440781658878,54.0,0.08630086574955662,-0.2383077940572512,0.08584600429574954,-0.23664718257937672,0.015436846713166804,0.08030705240091247
1046,53,177,275.4374088407163,3843.51011953928,152.51651964535588,3953.440781658878,54.0,0.08630086574955662,-0.3342559907327808,0.08584600429574954,-0.32460370800040383,0.015436846713166804,0.16271020372241454
1047,38,178,292.2609771757026,3909.816818957042,176.41135512934196,3951.860447410247,54.0,0.08630086574955662,-0.4055415029218559,0.08584600429574954,-0.40203421751906987,0.015436846713166804,0.14932572463533694
1048,28,178,181.0656949265822,4007.0767963031503,176.41135512934196,3951.860447410247,54.0,0.08630086574955662,-0.32228544845586826,0.08584600429574954,-0.32043556612474566,0.015436846713166804,0.07026024398977931
1049,53,178,275.4374088407163,3843.51011953928,176.41135512934196,3951.860447410247,54.0,0.08630086574955662,-0.2870499621704087,0.08584600429574954,-0.27683201987993084,0.015436846713166804,0.13312898385734387
1050,25,178,264.330530090726,3842.899620060988,176.41135512934196,3951.860447410247,54.0,0.08630086574955662,-0.30235395706595514,0.08584600429574954,-0.2936181309504539,0.015436846713166804,0.14054211294540994
1051,25,179,264.330530090726,3842.899620060988,128.91722771380137,3941.241308419875,54.0,0.08630086574955662,-0.4767737948771655,0.08584600429574954,-0.47118771421142597,0.015436846713166804,0.19691409708258237
1052,28,179,181.0656949265822,4007.0767963031503,128.91722771380137,3941.241308419875,54.0,0.08630086574955662,-0.34188100814199407,0.08584600429574954,-0.3391285941945324,0.015436846713166804,0.1143879955432953
1053,38,179,292.2609771757026,3909.816818957042,128.91722771380137,3941.241308419875,54.0,0.08630086574955662,-0.5387379127760468,0.08584600429574954,-0.5362296788735623,0.015436846713166804,0.20527412707638362
1054,28,180,181.0656949265822,4007.0767963031503,148.1263215529927,3940.12948749086,54.0,0.08630086574955662,-0.2824714682246575,0.08584600429574954,-0.2807352560058462,0.015436846713166804,0.09853047199938472
1055,25,180,264.330530090726,3842.899620060988,148.1263215529927,3940.12948749086,54.0,0.08630086574955662,-0.35494336898445883,0.08584600429574954,-0.34775393815224487,0.015436846713166804,0.1674312297590545
1056,28,181,181.0656949265822,4007.0767963031503,182.4648258664013,3932.874764215047,54.0,0.08630086574955662,-0.3905301084981097,0.08584600429574954,-0.3882760542584013,0.015436846713166804,0.0954130200342717
1057,38,181,292.2609771757026,3909.816818957042,182.4648258664013,3932.874764215047,54.0,0.08630086574955662,-0.3721333608104134,0.08584600429574954,-0.36990634979233133,0.015436846713166804,0.1350468733260537
1058,31,181,286.22286085268047,4096.016113555928,182.4648258664013,3932.874764215047,54.0,0.08630086574955662,-0.8388860344938415,0.08584600429574954,-0.8350250531493512,0.015436846713166804,0.24760916398949787
1059,25,181,264.330530090726,3842.899620060988,182.4648258664013,3932.874764215047,54.0,0.08630086574955662,-0.2396228137620204,0.08584600429574954,-0.23142332604604335,0.015436846713166804,0.12008089251608994
1060,53,181,275.4374088407163,3843.51011953928,182.4648258664013,3932.874764215047,54.0,0.08630086574955662,-0.2264198975167802,0.08584600429574954,-0.21673137448352306,0.015436846713166804,0.11444241210348191
1061,25,182,264.330530090726,3842.899620060988,173.58386476794828,3928.838452489801,54.0,0.08630086574955662,-0.25408585620025326,0.08584600429574954,-0.2459719436433458,0.015436846713166804,0.1286171698609855
1062,53,182,275.4374088407163,3843.51011953928,173.58386476794828,3928.838452489801,54.0,0.08630086574955662,-0.2425885355567092,0.08584600429574954,-0.23296532113978802,0.015436846713166804,0.12400970533379854
1063,38,182,292.2609771757026,3909.816818957042,173.58386476794828,3928.838452489801,54.0,0.08630086574955662,-0.37314218564256446,0.08584600429574954,-0.3702717704088382,0.015436846713166804,0.1415939805727942
1064,28,182,181.0656949265822,4007.0767963031503,173.58386476794828,3928.838452489801,54.0,0.08630086574955662,-0.3964852209873674,0.08584600429574954,-0.3945625241200465,0.015436846713166804,0.09981421563945123
1065,38,183,292.2609771757026,3909.816818957042,136.87238558022665,3929.4849208670153,54.0,0.08630086574955662,-0.46659569998144707,0.08584600429574954,-0.4632178901434235,0.015436846713166804,0.18497856090737827
1066,28,183,181.0656949265822,4007.0767963031503,136.87238558022665,3929.4849208670153,54.0,0.08630086574955662,-0.34122129816539654,0.08584600429574954,-0.3391670441139082,0.015436846713166804,0.12028447460687579
1067,25,183,264.330530090726,3842.899620060988,136.87238558022665,3929.4849208670153,54.0,0.08630086574955662,-0.4563848757143817,0.08584600429574954,-0.45203247981035555,0.015436846713166804,0.18128730221438538
1068,28,184,181.0656949265822,4007.0767963031503,156.24135505481868,3922.6741068498113,54.0,0.08630086574955662,-0.33504650906886047,0.08584600429574954,-0.33335557199391536,0.015436846713166804,0.1142062778507122
1069,38,184,292.2609771757026,3909.816818957042,156.24135505481868,3922.6741068498113,54.0,0.08630086574955662,-0.41044384184103405,0.08584600429574954,-0.40649216330829746,0.015436846713166804,0.15825747634514123
1070,25,184,264.330530090726,3842.899620060988,156.24135505481868,3922.6741068498113,54.0,0.08630086574955662,-0.3528960721374644,0.08584600429574954,-0.3473944054752949,0.015436846713166804,0.15108128536991872
1071,53,184,275.4374088407163,3843.51011953928,156.24135505481868,3922.6741068498113,54.0,0.08630086574955662,-0.3243188801921698,0.08584600429574954,-0.31644442677112045,0.015436846713166804,0.148630399565615
1072,25,185,264.330530090726,3842.899620060988,171.44635452375624,3912.403444300099,54.0,0.08630086574955662,-0.2836935503862867,0.08584600429574954,-0.278544339980125,0.015436846713166804,0.12749533550524458
1073,53,185,275.4374088407163,3843.51011953928,171.44635452375624,3912.403444300099,54.0,0.08630086574955662,-0.2609248548454965,0.08584600429574954,-0.2536602555440624,0.015436846713166804,0.12581250161688443
1074,38,185,292.2609771757026,3909.816818957042,171.44635452375624,3912.403444300099,54.0,0.08630086574955662,-0.35566461246179093,0.08584600429574954,-0.35221551147744257,0.015436846713166804,0.13849349647581569
1075,9,186,9.936533141897351,4088.226647492491,118.65252903866116,3961.4694151676936,54.0,0.08630086574955662,-0.5989087255361571,0.08584600429574954,-0.5930646431449358,0.015436846713166804,0.23693071287760203
1076,28,187,181.0656949265822,4007.0767963031503,114.09596867009677,3946.963824253541,54.0,0.08630086574955662,-0.39228180397592705,0.08584600429574954,-0.38876592775665986,0.015436846713166804,0.1256370179264257
1077,25,187,264.330530090726,3842.899620060988,114.09596867009677,3946.963824253541,54.0,0.08630086574955662,-0.5656688195617157,0.08584600429574954,-0.5610942186962652,0.015436846713166804,0.22194839212507245
1078,21,188,103.34699834515416,4117.964937310308,102.69447175575694,3952.059237909345,54.0,0.08630086574955662,-0.6141321734974703,0.08584600429574954,-0.6029789408802079,0.015436846713166804,0.21845946687400922
1079,28,188,181.0656949265822,4007.0767963031503,102.69447175575694,3952.059237909345,54.0,0.08630086574955662,-0.42852143576747387,0.08584600429574954,-0.4245003171057815,0.015436846713166804,0.1360256798742222
1080,38,188,292.2609771757026,3909.816818957042,102.69447175575694,3952.059237909345,54.0,0.08630086574955662,-0.6820052141233014,0.08584600429574954,-0.6794560040875386,0.015436846713166804,0.2492852709730024
1081,25,188,264.330530090726,3842.899620060988,102.69447175575694,3952.059237909345,54.0,0.08630086574955662,-0.6367857118526367,0.08584600429574954,-0.6326698003098865,0.015436846713166804,0.24194980321494033
1082,9,188,9.936533141897351,4088.226647492491,102.69447175575694,3952.059237909345,54.0,0.08630086574955662,-0.605307903395099,0.08584600429574954,-0.6014654183909238,0.015436846713166804,0.2375475452135037
1083,28,189,181.0656949265822,4007.0767963031503,158.3478750756896,4017.808096291382,54.0,0.08630086574955662,-0.08771973932347228,0.08584600429574954,-0.08668153137593188,0.015436846713166804,0.03244899751884711
1084,6,189,202.24335058105044,4025.5497211369657,158.3478750756896,4017.808096291382,54.0,0.08630086574955662,-0.1923998978615991,0.08584600429574954,-0.19183604282231675,0.015436846713166804,0.05913370657400734
1085,25,189,264.330530090726,3842.899620060988,158.3478750756896,4017.808096291382,54.0,0.08630086574955662,-0.6170208828617438,0.08584600429574954,-0.6053895736961354,0.015436846713166804,0.21313951404928877
1086,9,189,9.936533141897351,4088.226647492491,158.3478750756896,4017.808096291382,54.0,0.08630086574955662,-0.5323555725975824,0.08584600429574954,-0.5259544738227576,0.015436846713166804,0.21880339575541746
1087,21,189,103.34699834515416,4117.964937310308,158.3478750756896,4017.808096291382,54.0,0.08630086574955662,-0.2590831745161184,0.08584600429574954,-0.25078165461774515,0.015436846713166804,0.1311106570324006
1088,21,190,103.34699834515416,4117.964937310308,135.0015657158357,3998.808026349948,54.0,0.08630086574955662,-0.349405765612739,0.08584600429574954,-0.34234864240284146,0.015436846713166804,0.14850472401284986
1089,25,191,264.330530090726,3842.899620060988,118.44136868770892,3937.0570745757655,54.0,0.08630086574955662,-0.555967388426976,0.08584600429574954,-0.5525983650383804,0.015436846713166804,0.21164458861780153
1090,28,191,181.0656949265822,4007.0767963031503,118.44136868770892,3937.0570745757655,54.0,0.08630086574955662,-0.39505774737666377,0.08584600429574954,-0.3921537516685645,0.015436846713166804,0.12976264530401443
1091,9,192,9.936533141897351,4088.226647492491,85.39288283212471,3928.9727849799824,54.0,0.08630086574955662,-0.6956151194993853,0.08584600429574954,-0.6958101920410865,0.015436846713166804,0.2687334027422243
1092,25,192,264.330530090726,3842.899620060988,85.39288283212471,3928.9727849799824,54.0,0.08630086574955662,-0.7754143486386934,0.08584600429574954,-0.7732056659962535,0.015436846713166804,0.26738009490527004
1093,21,193,103.34699834515416,4117.964937310308,135.20902570174414,3972.88068595065,54.0,0.08630086574955662,-0.47812292370367615,0.08584600429574954,-0.4700403634088035,0.015436846713166804,0.18636602031014626
1094,25,193,264.330530090726,3842.899620060988,135.20902570174414,3972.88068595065,54.0,0.08630086574955662,-0.4509727597897142,0.08584600429574954,-0.4413802239142623,0.015436846713166804,0.2052795909361822
1095,9,193,9.936533141897351,4088.226647492491,135.20902570174414,3972.88068595065,54.0,0.08630086574955662,-0.5743031275954215,0.08584600429574954,-0.5671573513839512,0.015436846713166804,0.23688299519354405
1096,28,193,181.0656949265822,4007.0767963031503,135.20902570174414,3972.88068595065,54.0,0.08630086574955662,-0.23532798375512584,0.08584600429574954,-0.23337189265814762,0.015436846713166804,0.07653164466822837
1097,38,194,292.2609771757026,3909.816818957042,108.83889360773516,3912.225849147117,54.0,0.08630086574955662,-0.5918466087548223,0.08584600429574954,-0.5877881204708368,0.015436846713166804,0.2248262605750479
1098,21,194,103.34699834515416,4117.964937310308,108.83889360773516,3912.225849147117,54.0,0.08630086574955662,-0.7937260320605765,0.08584600429574954,-0.7831515356839622,0.015436846713166804,0.27924986227410775
1099,53,194,275.4374088407163,3843.51011953928,108.83889360773516,3912.225849147117,54.0,0.08630086574955662,-0.6571569368685234,0.08584600429574954,-0.6541681396958278,0.015436846713166804,0.2281848197231398
1100,18,194,58.40093954114791,3683.9112417882634,108.83889360773516,3912.225849147117,54.0,0.08630086574955662,-0.5636220807569338,0.08584600429574954,-0.5446401836280886,0.015436846713166804,0.28420779380724437
1101,22,195,267.77623279276514,4140.811810679348,174.48322464441975,4031.9823677236704,54.0,0.08630086574955662,-0.5031781973550488,0.08584600429574954,-0.5009006465903708,0.015436846713166804,0.19381515827418866
1102,25,195,264.330530090726,3842.899620060988,174.48322464441975,4031.9823677236704,54.0,0.08630086574955662,-0.7005184014672227,0.08584600429574954,-0.6921645663707077,0.015436846713166804,0.22086541927340791
1103,28,195,181.0656949265822,4007.0767963031503,174.48322464441975,4031.9823677236704,54.0,0.08630086574955662,-0.12600405651911567,0.08584600429574954,-0.1261018150318218,0.015436846713166804,0.03529129545852224
1104,21,195,119.89038758561809,4127.214021125917,174.48322464441975,4031.9823677236704,54.0,0.08630086574955662,-0.2622792211526729,0.08584600429574954,-0.25333646112809194,0.015436846713166804,0.13711034251035417
1105,53,196,275.4374088407163,3843.51011953928,159.43739905401296,3933.477616981658,54.0,0.08630086574955662,-0.28953757490932996,0.08584600429574954,-0.28005860094298335,0.015436846713166804,0.14425832197549787
1106,28,196,181.0656949265822,4007.0767963031503,159.43739905401296,3933.477616981658,54.0,0.08630086574955662,-0.30164651879548593,0.08584600429574954,-0.2999686229688541,0.015436846713166804,0.10009741313879628
1107,18,196,103.61880567589932,3674.0720311802,159.43739905401296,3933.477616981658,54.0,0.08630086574955662,-0.8676538132638567,0.08584600429574954,-0.8472402266690346,0.015436846713166804,0.3538603609160299
1108,25,196,264.330530090726,3842.899620060988,159.43739905401296,3933.477616981658,54.0,0.08630086574955662,-0.3065203648237674,0.08584600429574954,-0.2988901744562186,0.015436846713166804,0.1491930477284432
1109,38,196,292.2609771757026,3909.816818957042,159.43739905401296,3933.477616981658,54.0,0.08630086574955662,-0.4252795656319587,0.08584600429574954,-0.42272526398240645,0.015436846713166804,0.16167379076235405
1110,28,197,181.0656949265822,4007.0767963031503,84.41627726602805,3949.6460271760247,54.0,0.08630086574955662,-0.5064513503755831,0.08584600429574954,-0.5022163563177792,0.015436846713166804,0.16188730856274786
1111,25,197,264.330530090726,3842.899620060988,84.41627726602805,3949.6460271760247,54.0,0.08630086574955662,-0.7566043042762834,0.08584600429574954,-0.7530663485733414,0.015436846713166804,0.2709108232579963
1112,22,198,267.77623279276514,4140.811810679348,131.47690223101853,4022.1859800698,54.0,0.08630086574955662,-0.6124016242706464,0.08584600429574954,-0.6080651898922204,0.015436846713166804,0.24073590021614633
1113,19,198,298.45947748194794,4119.807970449649,131.47690223101853,4022.1859800698,54.0,0.08630086574955662,-0.5197540739115577,0.08584600429574954,-0.5109891257260027,0.015436846713166804,0.22997053062447886
1114,21,198,103.34699834515416,4117.964937310308,131.47690223101853,4022.1859800698,54.0,0.08630086574955662,-0.271258645531529,0.08584600429574954,-0.26433636570072927,0.015436846713166804,0.11602543409102253
1115,28,198,181.0656949265822,4007.0767963031503,131.47690223101853,4022.1859800698,54.0,0.08630086574955662,-0.15868905360891836,0.08584600429574954,-0.15694406736259747,0.015436846713166804,0.06709708010158397
1116,25,198,264.330530090726,3842.899620060988,131.47690223101853,4022.1859800698,54.0,0.08630086574955662,-0.5986446681245423,0.08584600429574954,-0.5876567448710457,0.015436846713166804,0.2455547308078582
1117,28,199,181.0656949265822,4007.0767963031503,187.053991585138,4017.227842472392,54.0,0.08630086574955662,-0.0684845718955965,0.08584600429574954,-0.06873254597746824,0.015436846713166804,0.017000981490663713
1118,25,199,267.9482254989196,3844.583776105834,187.053991585138,4017.227842472392,54.0,0.08630086574955662,-0.5760630261813977,0.08584600429574954,-0.5678600327169352,0.015436846713166804,0.19389828055754374
1119,21,199,122.72284619765782,4128.866114643895,187.053991585138,4017.227842472392,54.0,0.08630086574955662,-0.3748302690977372,0.08584600429574954,-0.36759391844829475,0.015436846713166804,0.16789666764106864
1120,38,200,292.2609771757026,3909.816818957042,159.89027933223167,4005.408777123752,54.0,0.08630086574955662,-0.6063698585940228,0.08584600429574954,-0.6012182654177102,0.015436846713166804,0.19561993334030744
1121,19,200,298.45947748194794,4119.807970449649,159.89027933223167,4005.408777123752,54.0,0.08630086574955662,-0.5014988980562434,0.08584600429574954,-0.4935970228274651,0.015436846713166804,0.21308654635118543
1122,21,200,103.34699834515416,4117.964937310308,159.89027933223167,4005.408777123752,54.0,0.08630086574955662,-0.2926503156735842,0.08584600429574954,-0.28420707563633063,0.015436846713166804,0.14541958266795554
1123,22,200,267.77623279276514,4140.811810679348,159.89027933223167,4005.408777123752,54.0,0.08630086574955662,-0.5815926996219061,0.08584600429574954,-0.5772448653099518,0.015436846713166804,0.23097930510617307
1124,53,200,275.4374088407163,3843.51011953928,159.89027933223167,4005.408777123752,54.0,0.08630086574955662,-0.5813137717801926,0.08584600429574954,-0.5701966613039667,0.015436846713166804,0.19884704409854514
1125,28,200,181.0656949265822,4007.0767963031503,159.89027933223167,4005.408777123752,54.0,0.08630086574955662,-0.07573981455410425,0.08584600429574954,-0.07489191071844276,0.015436846713166804,0.027635512842293264
1126,25,200,264.330530090726,3842.899620060988,159.89027933223167,4005.408777123752,54.0,0.08630086574955662,-0.5624552984245623,0.08584600429574954,-0.5516094833924795,0.015436846713166804,0.19978236171249772
1127,21,201,103.34699834515416,4117.964937310308,170.7980045065533,4000.56721463194,54.0,0.08630086574955662,-0.31537977526101724,0.08584600429574954,-0.30545538594680777,0.015436846713166804,0.15748724800358535
1128,28,201,181.0656949265822,4007.0767963031503,170.7980045065533,4000.56721463194,54.0,0.08630086574955662,-0.05586805530230303,0.08584600429574954,-0.05568739385506167,0.015436846713166804,0.01688355836973105
1129,25,201,264.330530090726,3842.899620060988,170.7980045065533,4000.56721463194,54.0,0.08630086574955662,-0.5671369964246786,0.08584600429574954,-0.5568413724880841,0.015436846713166804,0.18661377658255984
1130,28,202,181.0656949265822,4007.0767963031503,127.73251775700308,3986.4369142934142,54.0,0.08630086574955662,-0.2225258946072782,0.08584600429574954,-0.22035896821836126,0.015436846713166804,0.07656203699541683
1131,38,202,292.2609771757026,3909.816818957042,127.73251775700308,3986.4369142934142,54.0,0.08630086574955662,-0.6384525470307104,0.08584600429574954,-0.6335202302896707,0.015436846713166804,0.2250821544795064
1132,25,202,264.330530090726,3842.899620060988,127.73251775700308,3986.4369142934142,54.0,0.08630086574955662,-0.5070649002006603,0.08584600429574954,-0.4968113415592922,0.015436846713166804,0.2252061414335296
1133,21,202,103.34699834515416,4117.964937310308,127.73251775700308,3986.4369142934142,54.0,0.08630086574955662,-0.43746686068952834,0.08584600429574954,-0.42939700730020164,0.015436846713166804,0.1671658991867242
1134,38,203,292.2609771757026,3909.816818957042,152.43970563423912,3979.6112015162767,54.0,0.08630086574955662,-0.5485471404600433,0.08584600429574954,-0.5447260710778742,0.015436846713166804,0.1884241792060206
1135,28,203,181.0656949265822,4007.0767963031503,152.43970563423912,3979.6112015162767,54.0,0.08630086574955662,-0.16786950916584983,0.08584600429574954,-0.16678680375303695,0.015436846713166804,0.05183801616176489
1136,25,203,264.330530090726,3842.899620060988,152.43970563423912,3979.6112015162767,54.0,0.08630086574955662,-0.416021288544547,0.08584600429574954,-0.4062941061392192,0.015436846713166804,0.18990886999078585
1137,21,203,103.34699834515416,4117.964937310308,152.43970563423912,3979.6112015162767,54.0,0.08630086574955662,-0.407404821152733,0.08584600429574954,-0.3992575376761903,0.015436846713166804,0.17790409232516297
1138,53,203,275.4374088407163,3843.51011953928,152.43970563423912,3979.6112015162767,54.0,0.08630086574955662,-0.40717794692463294,0.08584600429574954,-0.39595137365609684,0.015436846713166804,0.18101250223012705
1139,25,204,264.330530090726,3842.899620060988,174.71523540000473,3992.374315235834,54.0,0.08630086574955662,-0.5286291821522833,0.08584600429574954,-0.518665131114332,0.015436846713166804,0.17510435206971092
1140,21,204,103.34699834515416,4117.964937310308,174.71523540000473,3992.374315235834,54.0,0.08630086574955662,-0.35094919578542083,0.08584600429574954,-0.3407424276880422,0.015436846713166804,0.16910150240825125
1141,28,204,181.0656949265822,4007.0767963031503,174.71523540000473,3992.374315235834,54.0,0.08630086574955662,-0.09655279307897591,0.08584600429574954,-0.0962322638216379,0.015436846713166804,0.02176061629975059
1142,53,205,275.4374088407163,3843.51011953928,161.36958893878008,3968.148276780728,54.0,0.08630086574955662,-0.3554225815145916,0.08584600429574954,-0.3446579358737587,0.015436846713166804,0.16269627437699746
1143,38,205,292.2609771757026,3909.816818957042,161.36958893878008,3968.148276780728,54.0,0.08630086574955662,-0.495280809858928,0.08584600429574954,-0.49155537910080216,0.015436846713166804,0.1729710465047003
1144,21,205,103.34699834515416,4117.964937310308,161.36958893878008,3968.148276780728,54.0,0.08630086574955662,-0.4432902879230418,0.08584600429574954,-0.4347745575610446,0.015436846713166804,0.19434083582193737
1145,28,205,181.0656949265822,4007.0767963031503,161.36958893878008,3968.148276780728,54.0,0.08630086574955662,-0.19016671524607823,0.08584600429574954,-0.18893938891131803,0.015436846713166804,0.05732355115726115
1146,25,205,264.330530090726,3842.899620060988,161.36958893878008,3968.148276780728,54.0,0.08630086574955662,-0.3667883670181652,0.08584600429574954,-0.3575148822700042,0.015436846713166804,0.17097466340785428
1147,25,206,264.330530090726,3842.899620060988,134.4228366966098,3954.478339318272,54.0,0.08630086574955662,-0.42154802248661516,0.08584600429574954,-0.41356339127507347,0.015436846713166804,0.1936883032924926
1148,21,206,103.34699834515416,4117.964937310308,134.4228366966098,3954.478339318272,54.0,0.08630086574955662,-0.5716740761606951,0.08584600429574954,-0.5619845331873929,0.015436846713166804,0.21375308633806844
1149,28,206,181.0656949265822,4007.0767963031503,134.4228366966098,3954.478339318272,54.0,0.08630086574955662,-0.29510881672571565,0.08584600429574954,-0.2924727356243108,0.015436846713166804,0.09532049550782315
1150,25,207,264.330530090726,3842.899620060988,147.43696333343436,3954.1411790196416,54.0,0.08630086574955662,-0.36220552353458585,0.08584600429574954,-0.3540445400124418,0.015436846713166804,0.17485670416176358
1151,38,207,292.2609771757026,3909.816818957042,147.43696333343436,3954.1411790196416,54.0,0.08630086574955662,-0.48596465567916497,0.08584600429574954,-0.48247280745007576,0.015436846713166804,0.18704044621344612
1152,21,207,103.34699834515416,4117.964937310308,147.43696333343436,3954.1411790196416,54.0,0.08630086574955662,-0.5407249411503008,0.08584600429574954,-0.5313758633122608,0.015436846713166804,0.21453803809686328
1153,28,207,181.0656949265822,4007.0767963031503,147.43696333343436,3954.1411790196416,54.0,0.08630086574955662,-0.2481904058837169,0.08584600429574954,-0.2463547468655109,0.015436846713166804,0.08338546641537509
1154,28,208,181.0656949265822,4007.0767963031503,118.65300674518,3961.480515731901,54.0,0.08630086574955662,-0.32937049797953494,0.08584600429574954,-0.3262814362836384,0.015436846713166804,0.10667634424800101
1155,21,208,103.34699834515416,4117.964937310308,118.65300674518,3961.480515731901,54.0,0.08630086574955662,-0.5662087680748116,0.08584600429574954,-0.5554914033602887,0.015436846713166804,0.20448855845389885
1156,25,208,264.330530090726,3842.899620060988,118.65300674518,3961.480515731901,54.0,0.08630086574955662,-0.5180077773941414,0.08584600429574954,-0.5099670838276098,0.015436846713166804,0.22198346182224135
1157,28,209,181.0656949265822,4007.0767963031503,166.63803351620655,3950.276785677188,54.0,0.08630086574955662,-0.257881795412106,0.08584600429574954,-0.2560393042519376,0.015436846713166804,0.07736328794231688
1158,25,209,264.330530090726,3842.899620060988,166.63803351620655,3950.276785677188,54.0,0.08630086574955662,-0.3134175565984319,0.08584600429574954,-0.30507196908284884,0.015436846713166804,0.15057740447292878
1159,25,210,264.330530090726,3842.899620060988,102.08049116011732,3939.728583899344,54.0,0.08630086574955662,-0.6607924879896125,0.08584600429574954,-0.65820890298676,0.015436846713166804,0.23891625077253686
1160,18,210,55.99463969610678,3684.4657106501672,102.08049116011732,3939.728583899344,54.0,0.08630086574955662,-0.6517425180932638,0.08584600429574954,-0.6302745056630576,0.015436846713166804,0.32004242523650467
1161,38,210,292.2609771757026,3909.816818957042,102.08049116011732,3939.728583899344,54.0,0.08630086574955662,-0.6372558865157986,0.08584600429574954,-0.6347592380143339,0.015436846713166804,0.24120393781166705
1162,21,210,103.34699834515416,4117.964937310308,102.08049116011732,3939.728583899344,54.0,0.08630086574955662,-0.6726801072201268,0.08584600429574954,-0.6616071952972767,0.015436846713166804,0.2372007941118173
1163,18,211,71.73718472817627,3680.9796853375465,125.50396993450582,3926.5617673616193,54.0,0.08630086574955662,-0.6886971515996492,0.08584600429574954,-0.6715021374167985,0.015436846713166804,0.32641078992686734
1164,25,211,264.330530090726,3842.899620060988,125.50396993450582,3926.5617673616193,54.0,0.08630086574955662,-0.5331671734488914,0.08584600429574954,-0.5300614754214952,0.015436846713166804,0.19806329226861608
1165,53,211,275.4374088407163,3843.51011953928,125.50396993450582,3926.5617673616193,54.0,0.08630086574955662,-0.49761593525654685,0.08584600429574954,-0.49257414180211434,0.015436846713166804,0.19672013077154094
1166,38,211,292.2609771757026,3909.816818957042,125.50396993450582,3926.5617673616193,54.0,0.08630086574955662,-0.5233734439177746,0.08584600429574954,-0.5190203022727997,0.015436846713166804,0.20047574185043449
1167,28,211,181.0656949265822,4007.0767963031503,125.50396993450582,3926.5617673616193,54.0,0.08630086574955662,-0.38389617509351354,0.08584600429574954,-0.38135018510189866,0.015436846713166804,0.1331946308705107
1168,21,211,103.34699834515416,4117.964937310308,125.50396993450582,3926.5617673616193,54.0,0.08630086574955662,-0.7341090013171454,0.08584600429574954,-0.7230898476982426,0.015436846713166804,0.2582903529070805
1169,18,212,82.48383007457451,3678.6227505761713,137.28112544023642,3930.5912278669,54.0,0.08630086574955662,-0.7121121191013247,0.08584600429574954,-0.6932637668085047,0.015436846713166804,0.32995429769818035
1170,25,212,264.330530090726,3842.899620060988,137.28112544023642,3930.5912278669,54.0,0.08630086574955662,-0.45097632565050005,0.08584600429574954,-0.44633575909083256,0.015436846713166804,0.1810052519848778
1171,21,212,103.34699834515416,4117.964937310308,137.28112544023642,3930.5912278669,54.0,0.08630086574955662,-0.6671172753006597,0.08584600429574954,-0.6567772098995087,0.015436846713166804,0.24811976316932785
1172,38,212,292.2609771757026,3909.816818957042,137.28112544023642,3930.5912278669,54.0,0.08630086574955662,-0.4675029810545269,0.08584600429574954,-0.4643197206984582,0.015436846713166804,0.18527365219572375
1173,28,212,181.0656949265822,4007.0767963031503,137.28112544023642,3930.5912278669,54.0,0.08630086574955662,-0.337309435771104,0.08584600429574954,-0.3352528481106786,0.015436846713166804,0.11868194083142994
1174,28,213,181.0656949265822,4007.0767963031503,179.67090940770512,3929.463131396641,54.0,0.08630086574955662,-0.4023988876403211,0.08584600429574954,-0.4000717347062855,0.015436846713166804,0.10001705919882452
1175,53,213,275.4374088407163,3843.51011953928,179.67090940770512,3929.463131396641,54.0,0.08630086574955662,-0.22771989422399155,0.08584600429574954,-0.21809258972534495,0.015436846713166804,0.11640849365162019
1176,18,213,124.39807912713488,3669.6941824836736,179.67090940770512,3929.463131396641,54.0,0.08630086574955662,-1.0864465564122852,0.08584600429574954,-1.0779443330490799,0.015436846713166804,0.37485918168881904
1177,22,213,282.91308227706304,4129.966613278081,179.67090940770512,3929.463131396641,54.0,0.08630086574955662,-0.7558231885088307,0.08584600429574954,-0.7493677612333496,0.015436846713166804,0.2763831489520203
1178,25,213,264.330530090726,3842.899620060988,179.67090940770512,3929.463131396641,54.0,0.08630086574955662,-0.24004006133206413,0.08584600429574954,-0.23191159330239514,0.015436846713166804,0.12146633960281399
1179,38,213,292.2609771757026,3909.816818957042,179.67090940770512,3929.463131396641,54.0,0.08630086574955662,-0.36210296373698647,0.08584600429574954,-0.35949118402895974,0.015436846713166804,0.13520057062545998
1180,21,213,103.34699834515416,4117.964937310308,179.67090940770512,3929.463131396641,54.0,0.08630086574955662,-0.5692774567639878,0.08584600429574954,-0.5598950439964565,0.015436846713166804,0.2501339373477501
1181,25,214,264.330530090726,3842.899620060988,88.2681727690951,3915.200775925912,54.0,0.08630086574955662,-0.7921505035131763,0.08584600429574954,-0.790707392198662,0.015436846713166804,0.25895086616419283
1182,18,214,55.99463969610678,3684.4657106501672,88.2681727690951,3915.200775925912,54.0,0.08630086574955662,-0.5266921089336702,0.08584600429574954,-0.5044899605328199,0.015436846713166804,0.2796052845556422
1183,21,214,103.34699834515416,4117.964937310308,88.2681727690951,3915.200775925912,54.0,0.08630086574955662,-0.7246998043699526,0.08584600429574954,-0.715204841589359,0.015436846713166804,0.2812088480993411
1184,44,215,470.9318574712719,4102.798680980681,341.5724936781372,4071.071754032602,54.0,0.08630086574955662,-0.5189611930920267,0.08584600429574954,-0.5181438150066415,0.015436846713166804,0.14349885775907703
1185,27,215,413.6607163277177,4126.933692479007,341.5724936781372,4071.071754032602,54.0,0.08630086574955662,-0.45393895390009664,0.08584600429574954,-0.4548034050350621,0.015436846713166804,0.11616802545359863
1186,41,215,461.8106926932424,4070.996636995212,341.5724936781372,4071.071754032602,54.0,0.08630086574955662,-0.33941128513669666,0.08584600429574954,-0.3361698076206916,0.015436846713166804,0.1335011589891046
1187,39,215,491.6009153175041,3965.873607703836,341.5724936781372,4071.071754032602,54.0,0.08630086574955662,-0.4660347930892697,0.08584600429574954,-0.4584990906060155,0.015436846713166804,0.21065984219616674
1188,4,215,296.61979068975745,4128.179301772369,341.5724936781372,4071.071754032602,54.0,0.08630086574955662,-0.20577334634813332,0.08584600429574954,-0.20327163957222372,0.015436846713166804,0.0859301451956618
1189,61,215,463.203498736656,4062.892527800171,341.5724936781372,4071.071754032602,54.0,0.08630086574955662,-0.34642052103224613,0.08584600429574954,-0.34312705474063243,0.015436846713166804,0.13544124445632982
1190,31,215,286.22286085268047,4096.016113555928,341.5724936781372,4071.071754032602,54.0,0.08630086574955662,-0.2203191002038833,0.08584600429574954,-0.2184713428981642,0.015436846713166804,0.07067479597277296
1191,42,215,481.4936938530769,4095.225387665601,341.5724936781372,4071.071754032602,54.0,0.08630086574955662,-0.5929860210074696,0.08584600429574954,-0.5919701734051923,0.015436846713166804,0.1558256950616454
1192,47,215,497.40279712570856,4039.075701869608,341.5724936781372,4071.071754032602,54.0,0.08630086574955662,-0.4144995664921382,0.08584600429574954,-0.41028857106422145,0.015436846713166804,0.1744842483917311
1193,60,215,462.2337953932308,4065.780960132662,341.5724936781372,4071.071754032602,54.0,0.08630086574955662,-0.34197151731053677,0.08584600429574954,-0.33871012400730455,0.015436846713166804,0.13426040130058614
1194,44,216,470.9318574712719,4102.798680980681,284.64002970112773,4055.1089548280224,54.0,0.08630086574955662,-0.7903093456892658,0.08584600429574954,-0.7885846169481292,0.015436846713166804,0.21557065143910648
1195,25,216,275.18212912654,3848.067080065535,284.64002970112773,4055.1089548280224,54.0,0.08630086574955662,-0.8309295576589669,0.08584600429574954,-0.8309681169123709,0.015436846713166804,0.25480279942250367
1196,41,216,461.8106926932424,4070.996636995212,284.64002970112773,4055.1089548280224,54.0,0.08630086574955662,-0.614294336181537,0.08584600429574954,-0.6104059411287515,0.015436846713166804,0.20460681386695345
1197,31,216,286.22286085268047,4096.016113555928,284.64002970112773,4055.1089548280224,54.0,0.08630086574955662,-0.26323227140474276,0.08584600429574954,-0.26149278149653477,0.015436846713166804,0.050977947521967756
1198,4,216,296.61979068975745,4128.179301772369,284.64002970112773,4055.1089548280224,54.0,0.08630086574955662,-0.31725264939043524,0.08584600429574954,-0.3113184430603258,0.015436846713166804,0.07648485426953311
1199,38,216,292.2609771757026,3909.816818957042,284.64002970112773,4055.1089548280224,54.0,0.08630086574955662,-0.6055706318519349,0.08584600429574954,-0.6050730687089446,0.015436846713166804,0.18373245381432185
1200,31,217,286.22286085268047,4096.016113555928,298.71808334848726,4042.900299437067,54.0,0.08630086574955662,-0.3585353908625387,0.08584600429574954,-0.35655441879991545,0.015436846713166804,0.06829756897623088
1201,44,217,470.9318574712719,4102.798680980681,298.71808334848726,4042.900299437067,54.0,0.08630086574955662,-0.6317059723690409,0.08584600429574954,-0.6288969993818379,0.015436846713166804,0.19932643771323608
1202,25,217,275.18212912654,3848.067080065535,298.71808334848726,4042.900299437067,54.0,0.08630086574955662,-0.7481817511922428,0.08584600429574954,-0.748425718187185,0.015436846713166804,0.2404906809393851
1203,38,217,292.2609771757026,3909.816818957042,298.71808334848726,4042.900299437067,54.0,0.08630086574955662,-0.5181252903031711,0.08584600429574954,-0.5178319434235328,0.015436846713166804,0.1679470163105701
1204,4,217,296.61979068975745,4128.179301772369,298.71808334848726,4042.900299437067,54.0,0.08630086574955662,-0.40022336823198285,0.08584600429574954,-0.39420058400781316,0.015436846713166804,0.09113043468410818
1205,42,217,481.4936938530769,4095.225387665601,298.71808334848726,4042.900299437067,54.0,0.08630086574955662,-0.667293875478167,0.08584600429574954,-0.6640903362630863,0.015436846713166804,0.21109482733461166
1206,41,217,461.8106926932424,4070.996636995212,298.71808334848726,4042.900299437067,54.0,0.08630086574955662,-0.5181207192948437,0.08584600429574954,-0.5148600032632602,0.015436846713166804,0.18779450370779593
1207,44,218,470.9318574712719,4102.798680980681,295.49475046157585,4024.814807490681,54.0,0.08630086574955662,-0.6327835286785792,0.08584600429574954,-0.6292043313130571,0.015436846713166804,0.21108365352986241
1208,41,218,461.8106926932424,4070.996636995212,295.49475046157585,4024.814807490681,54.0,0.08630086574955662,-0.5297753332583984,0.08584600429574954,-0.5245245936492582,0.015436846713166804,0.19264058915140436
1209,38,218,292.2609771757026,3909.816818957042,295.49475046157585,4024.814807490681,54.0,0.08630086574955662,-0.39524169134314824,0.08584600429574954,-0.39551388106198704,0.015436846713166804,0.14429353950520818
1210,31,218,286.22286085268047,4096.016113555928,295.49475046157585,4024.814807490681,54.0,0.08630086574955662,-0.47459951516767207,0.08584600429574954,-0.4720945003865797,0.015436846713166804,0.09073466954369051
1211,25,218,275.18212912654,3848.067080065535,295.49475046157585,4024.814807490681,54.0,0.08630086574955662,-0.6244000562428886,0.08584600429574954,-0.6252107385949016,0.015436846713166804,0.21657134485016805
1212,25,219,275.18212912654,3848.067080065535,298.4942841222434,4011.6459546344126,54.0,0.08630086574955662,-0.5603670993467037,0.08584600429574954,-0.5609157730531238,0.015436846713166804,0.19948806357375926
1213,31,219,286.22286085268047,4096.016113555928,298.4942841222434,4011.6459546344126,54.0,0.08630086574955662,-0.5412784829269592,0.08584600429574954,-0.5390389294901456,0.015436846713166804,0.10872002594749017
1214,44,219,470.9318574712719,4102.798680980681,298.4942841222434,4011.6459546344126,54.0,0.08630086574955662,-0.5928410983237005,0.08584600429574954,-0.588956099280106,0.015436846713166804,0.21486026268091402
1215,38,219,292.2609771757026,3909.816818957042,298.4942841222434,4011.6459546344126,54.0,0.08630086574955662,-0.3302533059692682,0.08584600429574954,-0.3302617467338872,0.015436846713166804,0.12689425559836232
1216,25,220,275.18212912654,3848.067080065535,313.25635416495834,3998.830416275237,54.0,0.08630086574955662,-0.5718886494733533,0.08584600429574954,-0.5733730123241073,0.015436846713166804,0.18730675480131553
1217,41,220,461.8106926932424,4070.996636995212,313.25635416495834,3998.830416275237,54.0,0.08630086574955662,-0.5023990927128804,0.08584600429574954,-0.49790828576304996,0.015436846713166804,0.18831817620901492
1218,31,220,286.22286085268047,4096.016113555928,313.25635416495834,3998.830416275237,54.0,0.08630086574955662,-0.5723855482998134,0.08584600429574954,-0.5726426253588452,0.015436846713166804,0.1259136674096244
1219,44,220,470.9318574712719,4102.798680980681,313.25635416495834,3998.830416275237,54.0,0.08630086574955662,-0.5395739884337243,0.08584600429574954,-0.533827438602303,0.015436846713166804,0.20384554855836956
1220,53,220,275.4374088407163,3843.51011953928,313.25635416495834,3998.830416275237,54.0,0.08630086574955662,-0.5932384512976278,0.08584600429574954,-0.595075195227995,0.015436846713166804,0.19476295706405922
1221,38,220,292.2609771757026,3909.816818957042,313.25635416495834,3998.830416275237,54.0,0.08630086574955662,-0.3418915379600185,0.08584600429574954,-0.342994808213206,0.015436846713166804,0.11405026891996503
1222,60,221,462.2337953932308,4065.780960132662,340.1371375561863,4063.06336212007,54.0,0.08630086574955662,-0.34533555874010197,0.08584600429574954,-0.3420182852189673,0.015436846713166804,0.13588281579258393
1223,22,221,282.91308227706304,4129.966613278081,340.1371375561863,4063.06336212007,54.0,0.08630086574955662,-0.20520803178587252,0.08584600429574954,-0.20052249704864605,0.015436846713166804,0.08969716613706778
1224,61,221,463.203498736656,4062.892527800171,340.1371375561863,4063.06336212007,54.0,0.08630086574955662,-0.3492491006458406,0.08584600429574954,-0.34590483825850793,0.015436846713166804,0.13685472023194756
1225,19,221,309.4846467710166,4112.556925703692,340.1371375561863,4063.06336212007,54.0,0.08630086574955662,-0.16748372407528847,0.08584600429574954,-0.16609881710494773,0.015436846713166804,0.06763550184059305
1226,65,221,465.43944178630807,4063.6597216274654,340.1371375561863,4063.06336212007,54.0,0.08630086574955662,-0.35784499138871834,0.08584600429574954,-0.3544425629921286,0.015436846713166804,0.138929808918123
1227,41,221,461.8106926932424,4070.996636995212,340.1371375561863,4063.06336212007,54.0,0.08630086574955662,-0.3437504903565583,0.08584600429574954,-0.340443813980362,0.015436846713166804,0.13550705949907207
1228,31,221,286.22286085268047,4096.016113555928,340.1371375561863,4063.06336212007,54.0,0.08630086574955662,-0.2278418676908637,0.08584600429574954,-0.22568904060643097,0.015436846713166804,0.07329877177245667
1229,44,221,470.9318574712719,4102.798680980681,340.1371375561863,4063.06336212007,54.0,0.08630086574955662,-0.47735118820790545,0.08584600429574954,-0.47527206290332985,0.015436846713166804,0.14422797155277894
1230,53,222,275.4374088407163,3843.51011953928,278.252957276231,4041.337412517816,54.0,0.08630086574955662,-0.7521776688038735,0.08584600429574954,-0.7527211493721017,0.015436846713166804,0.24411738476100875
1231,44,222,470.9318574712719,4102.798680980681,278.252957276231,4041.337412517816,54.0,0.08630086574955662,-0.7845713893625234,0.08584600429574954,-0.781035603930147,0.015436846713166804,0.22602137357077798
1232,41,222,461.8106926932424,4070.996636995212,278.252957276231,4041.337412517816,54.0,0.08630086574955662,-0.6600085624975001,0.08584600429574954,-0.6561460091158442,0.015436846713166804,0.21458961759169845
1233,25,222,275.18212912654,3848.067080065535,278.252957276231,4041.337412517816,54.0,0.08630086574955662,-0.7322894920033323,0.08584600429574954,-0.7325812126644543,0.015436846713166804,0.23675414612797024
1234,38,222,292.2609771757026,3909.816818957042,278.252957276231,4041.337412517816,54.0,0.08630086574955662,-0.509750820895216,0.08584600429574954,-0.5095060364346936,0.015436846713166804,0.16664540239371564
1235,31,222,286.22286085268047,4096.016113555928,278.252957276231,4041.337412517816,54.0,0.08630086574955662,-0.36344464418778466,0.08584600429574954,-0.3614460689085595,0.015436846713166804,0.06925503488480475
1236,21,222,129.6510563411616,4132.672991581291,278.252957276231,4041.337412517816,54.0,0.08630086574955662,-0.7129512161610274,0.08584600429574954,-0.7112139607468718,0.015436846713166804,0.23336925614644607
1237,22,222,282.91308227706304,4129.966613278081,278.252957276231,4041.337412517816,54.0,0.08630086574955662,-0.40591549288039735,0.08584600429574954,-0.39975186685332254,0.015436846713166804,0.09330119977083204
1238,19,222,309.4846467710166,4112.556925703692,278.252957276231,4041.337412517816,54.0,0.08630086574955662,-0.4217449479734485,0.08584600429574954,-0.4195138487078577,0.015436846713166804,0.09291723026075878
1239,22,223,282.91308227706304,4129.966613278081,312.8233748838626,4054.8922790732095,54.0,0.08630086574955662,-0.24131915825573377,0.08584600429574954,-0.23594022500951137,0.015436846713166804,0.07939658250619899
1240,19,223,309.4846467710166,4112.556925703692,312.8233748838626,4054.8922790732095,54.0,0.08630086574955662,-0.19827948706146584,0.08584600429574954,-0.19771410631820374,0.015436846713166804,0.06548121471590032
1241,44,223,470.9318574712719,4102.798680980681,312.8233748838626,4054.8922790732095,54.0,0.08630086574955662,-0.5753880314473107,0.08584600429574954,-0.5726696633038816,0.015436846713166804,0.17885241771174998
1242,31,223,286.22286085268047,4096.016113555928,312.8233748838626,4054.8922790732095,54.0,0.08630086574955662,-0.23876866327737847,0.08584600429574954,-0.2365915846516797,0.015436846713166804,0.05959503355889044
1243,25,224,275.18212912654,3848.067080065535,295.92345652296734,4012.471765436985,54.0,0.08630086574955662,-0.5633103855639634,0.08584600429574954,-0.563874462358789,0.015436846713166804,0.2001770094852279
1244,19,224,309.4846467710166,4112.556925703692,295.92345652296734,4012.471765436985,54.0,0.08630086574955662,-0.44284606826826434,0.08584600429574954,-0.4422115265000766,0.015436846713166804,0.12126817827902686
1245,22,224,282.91308227706304,4129.966613278081,295.92345652296734,4012.471765436985,54.0,0.08630086574955662,-0.5822797106958281,0.08584600429574954,-0.5758185869095959,0.015436846713166804,0.13218236705019198
1246,44,225,470.9318574712719,4102.798680980681,313.2916641340094,4017.6982104419535,54.0,0.08630086574955662,-0.5138129514745968,0.08584600429574954,-0.5090428606913489,0.015436846713166804,0.193940707081768
1247,38,225,292.2609771757026,3909.816818957042,313.2916641340094,4017.6982104419535,54.0,0.08630086574955662,-0.42254029214055366,0.08584600429574954,-0.42429185855415674,0.015436846713166804,0.1376128765295478
1248,31,225,286.22286085268047,4096.016113555928,313.2916641340094,4017.6982104419535,54.0,0.08630086574955662,-0.46390055033816185,0.08584600429574954,-0.4633698667982355,0.015436846713166804,0.1017762891229829
1249,41,225,461.8106926932424,4070.996636995212,313.2916641340094,4017.6982104419535,54.0,0.08630086574955662,-0.43710282290187225,0.08584600429574954,-0.43103014243366283,0.015436846713166804,0.17393443783900914
1250,25,225,275.18212912654,3848.067080065535,313.2916641340094,4017.6982104419535,54.0,0.08630086574955662,-0.6415653102520087,0.08584600429574954,-0.6436138774799177,0.015436846713166804,0.21124373148953732
1251,22,225,282.91308227706304,4129.966613278081,313.2916641340094,4017.6982104419535,54.0,0.08630086574955662,-0.46909044839873293,0.08584600429574954,-0.46416688995806954,0.015436846713166804,0.12500020107657533
1252,19,225,309.4846467710166,4112.556925703692,313.2916641340094,4017.6982104419535,54.0,0.08630086574955662,-0.3790756339618057,0.08584600429574954,-0.3797208912279116,0.015436846713166804,0.11104114033302116
1253,53,226,275.4374088407163,3843.51011953928,312.224459853089,4001.93805851142,54.0,0.08630086574955662,-0.6020717784299456,0.08584600429574954,-0.6037890865121577,0.015436846713166804,0.19831029490992164
1254,63,226,316.49031405012005,3929.154743051912,312.224459853089,4001.93805851142,54.0,0.08630086574955662,-0.3005478602129312,0.08584600429574954,-0.30262841046638017,0.015436846713166804,0.09545290272519516
1255,25,226,275.18212912654,3848.067080065535,312.224459853089,4001.93805851142,54.0,0.08630086574955662,-0.5798644467278995,0.08584600429574954,-0.5812548668010128,0.015436846713166804,0.19093502467079362
1256,38,226,292.2609771757026,3909.816818957042,312.224459853089,4001.93805851142,54.0,0.08630086574955662,-0.35236205633546136,0.08584600429574954,-0.3534356801372663,0.015436846713166804,0.11768837526657076
1257,44,226,470.9318574712719,4102.798680980681,312.224459853089,4001.93805851142,54.0,0.08630086574955662,-0.5364082585918433,0.08584600429574954,-0.5309330382536024,0.015436846713166804,0.20233201492698755
1258,66,226,493.8518825171933,3956.000689079267,312.224459853089,4001.93805851142,54.0,0.08630086574955662,-0.8839484474978802,0.08584600429574954,-0.8846498809244743,0.015436846713166804,0.25160455951276456
1259,41,226,461.8106926932424,4070.996636995212,312.224459853089,4001.93805851142,54.0,0.08630086574955662,-0.49532004369156113,0.08584600429574954,-0.49068231657232425,0.015436846713166804,0.18611622014665882
1260,39,226,491.6009153175041,3965.873607703836,312.224459853089,4001.93805851142,54.0,0.08630086574955662,-0.8483112773646326,0.08584600429574954,-0.8485084230453249,0.015436846713166804,0.24224191696311992
1261,31,226,286.22286085268047,4096.016113555928,312.224459853089,4001.93805851142,54.0,0.08630086574955662,-0.558348085648113,0.08584600429574954,-0.5584776148606001,0.015436846713166804,0.1215814481705238
1262,41,227,461.8106926932424,4070.996636995212,327.306343705716,4081.3155709764615,54.0,0.08630086574955662,-0.5539976453105881,0.08584600429574954,-0.5537294042550889,0.015436846713166804,0.15872999482027134
1263,66,227,493.8518825171933,3956.000689079267,327.306343705716,4081.3155709764615,54.0,0.08630086574955662,-0.565152633300031,0.08584600429574954,-0.5570463332687082,0.015436846713166804,0.24650087615813723
1264,64,227,251.14156651564912,4194.6094429104505,327.306343705716,4081.3155709764615,54.0,0.08630086574955662,-0.3917089592316401,0.08584600429574954,-0.38482710383864677,0.015436846713166804,0.1669934220969572
1265,27,227,413.6607163277177,4126.933692479007,327.306343705716,4081.3155709764615,54.0,0.08630086574955662,-0.47088833709700256,0.08584600429574954,-0.4719619221735397,0.015436846713166804,0.126252024182665
1266,31,227,286.22286085268047,4096.016113555928,327.306343705716,4081.3155709764615,54.0,0.08630086574955662,-0.1697513175814641,0.08584600429574954,-0.16840941766463066,0.015436846713166804,0.0499538653922248
1267,44,227,470.9318574712719,4102.798680980681,327.306343705716,4081.3155709764615,54.0,0.08630086574955662,-0.5686184206640026,0.08584600429574954,-0.5679552720254537,0.015436846713166804,0.15945203605814862
1268,31,228,286.22286085268047,4096.016113555928,349.69763252524416,4039.951949456995,54.0,0.08630086574955662,-0.3062177317493171,0.08584600429574954,-0.3031785348826733,0.015436846713166804,0.10055607551721048
1269,65,228,465.43944178630807,4063.6597216274654,349.69763252524416,4039.951949456995,54.0,0.08630086574955662,-0.31586983622450515,0.08584600429574954,-0.31024883011935595,0.015436846713166804,0.12531000141226442
1270,44,228,470.9318574712719,4102.798680980681,349.69763252524416,4039.951949456995,54.0,0.08630086574955662,-0.38913234661782437,0.08584600429574954,-0.38513914142028205,0.015436846713166804,0.14223354902361235
1271,61,228,463.203498736656,4062.892527800171,349.69763252524416,4039.951949456995,54.0,0.08630086574955662,-0.30660674781337344,0.08584600429574954,-0.3010029253820632,0.015436846713166804,0.12307087113183669
1272,60,228,462.2337953932308,4065.780960132662,349.69763252524416,4039.951949456995,54.0,0.08630086574955662,-0.30709059717119797,0.08584600429574954,-0.30185712138387294,0.015436846713166804,0.12324246963022098
1273,41,228,461.8106926932424,4070.996636995212,349.69763252524416,4039.951949456995,54.0,0.08630086574955662,-0.3119087952678006,0.08584600429574954,-0.3071122616377902,0.015436846713166804,0.12463499775293657
1274,55,229,631.0597053851714,4679.977771773372,610.9322177974102,4716.550120256336,54.0,0.08630086574955662,-0.2118825775655563,0.08584600429574954,-0.2113086549042954,0.015436846713166804,0.07962585286665495
1275,56,230,677.3923123197425,4458.591690875839,611.7833747678618,4689.5072732073895,54.0,0.08630086574955662,-0.9795267375038179,0.08584600429574954,-0.9642968067001176,0.015436846713166804,0.4257497321264543
1276,55,230,631.0597053851714,4679.977771773372,611.7833747678618,4689.5072732073895,54.0,0.08630086574955662,-0.11627917105339523,0.08584600429574954,-0.11581180933170679,0.015436846713166804,0.043957657284926635
1277,55,231,631.0597053851714,4679.977771773372,658.3837731695672,4666.320521897435,54.0,0.08630086574955662,-0.16323792860789366,0.08584600429574954,-0.16268387726824216,0.015436846713166804,0.058419088473166576
1278,17,232,777.957263569134,4705.278199933562,709.7868194729853,4851.286536622527,54.0,0.08630086574955662,-0.657757496295705,0.08584600429574954,-0.6475196104987802,0.015436846713166804,0.2688756809611049
1279,17,233,777.957263569134,4705.278199933562,820.1121867911606,4887.409658363325,54.0,0.08630086574955662,-0.6800515059623613,0.08584600429574954,-0.667626168797792,0.015436846713166804,0.31382570196505816
1280,17,234,777.957263569134,4705.278199933562,835.7138504834124,4882.651568351076,54.0,0.08630086574955662,-0.6650548825266734,0.08584600429574954,-0.6553218379392008,0.015436846713166804,0.3113202339366643
1281,17,235,777.957263569134,4705.278199933562,820.8837607778523,4830.121101450797,54.0,0.08630086574955662,-0.4712776735479823,0.08584600429574954,-0.4632329859611264,0.015436846713166804,0.2176851896857753
1282,17,236,777.957263569134,4705.278199933562,845.9654275779601,4795.464012288639,54.0,0.08630086574955662,-0.37121303806100453,0.08584600429574954,-0.36095205959043886,0.015436846713166804,0.18417504674187907
1283,17,237,777.957263569134,4705.278199933562,867.3492606095851,4792.378098334041,54.0,0.08630086574955662,-0.39455078185347925,0.08584600429574954,-0.38384948785623646,0.015436846713166804,0.20238467592875134
1284,17,238,777.957263569134,4705.278199933562,836.1977774156197,4777.614491614041,54.0,0.08630086574955662,-0.30354054468846464,0.08584600429574954,-0.29581737875185893,0.015436846713166804,0.15099597355220049
1285,17,239,777.957263569134,4705.278199933562,733.5001364322503,4748.586620355318,54.0,0.08630086574955662,-0.2654245762837686,0.08584600429574954,-0.2637224069119487,0.015436846713166804,0.10484307397501251
1286,17,240,777.957263569134,4705.278199933562,735.121237879597,4781.5539469831065,54.0,0.08630086574955662,-0.364884886185932,0.08584600429574954,-0.36016069792809713,0.015436846713166804,0.14218712578592488
1287,17,241,777.957263569134,4705.278199933562,707.3848569786213,4791.034976103771,54.0,0.08630086574955662,-0.4625374516453456,0.08584600429574954,-0.4584608478724343,0.015436846713166804,0.18133738718737494
1288,17,242,777.957263569134,4705.278199933562,712.9980031901063,4777.612970571223,54.0,0.08630086574955662,-0.4071333936737298,0.08584600429574954,-0.40328862540226823,0.015436846713166804,0.1594554236595482
1289,17,243,777.957263569134,4705.278199933562,699.7932708640618,4755.760924905943,54.0,0.08630086574955662,-0.398816748987263,0.08584600429574954,-0.39872114514974233,0.015436846713166804,0.15636848853402768
1290,17,244,777.957263569134,4705.278199933562,686.8965221818985,4798.831092361476,54.0,0.08630086574955662,-0.5412493685249842,0.08584600429574954,-0.5374428134885666,0.015436846713166804,0.21796427707686847
1291,17,245,777.957263569134,4705.278199933562,687.2411309135879,4707.631508201332,54.0,0.08630086574955662,-0.4158556549140852,0.08584600429574954,-0.4160220817852503,0.015436846713166804,0.15201494672369567
1292,17,246,777.957263569134,4705.278199933562,690.6183360672042,4684.164100497674,54.0,0.08630086574955662,-0.34657763024388305,0.08584600429574954,-0.34540719481768967,0.015436846713166804,0.14599015300829682
1293,17,247,777.957263569134,4705.278199933562,606.2075985001995,4731.370763159866,54.0,0.08630086574955662,-0.8603361973918562,0.08584600429574954,-0.8552075362917485,0.015436846713166804,0.2984132862373843
1294,55,248,631.0597053851714,4679.977771773372,623.3428439903965,4697.432085439533,54.0,0.08630086574955662,-0.11391053854896421,0.08584600429574954,-0.11324528713003681,0.015436846713166804,0.03850822479041133
1295,17,249,777.957263569134,4705.278199933562,629.0391362438163,4679.029549685565,54.0,0.08630086574955662,-0.6714894067895031,0.08584600429574954,-0.6686517668457611,0.015436846713166804,0.252066983999557
1296,55,249,631.0597053851714,4679.977771773372,629.0391362438163,4679.029549685565,54.0,0.08630086574955662,-0.05676673506354131,0.08584600429574954,-0.05639285097470682,0.015436846713166804,0.018260310308851734
1297,17,250,777.957263569134,4705.278199933562,645.9807538115654,4669.918769358841,54.0,0.08630086574955662,-0.5701019030701061,0.08584600429574954,-0.5677579218334019,0.015436846713166804,0.22788012470507554
1298,55,250,631.0597053851714,4679.977771773372,645.9807538115654,4669.918769358841,54.0,0.08630086574955662,-0.10730887534813874,0.08584600429574954,-0.10703960845974865,0.015436846713166804,0.03750886730003394
1299,17,251,777.957263569134,4705.278199933562,677.9072626809317,4653.89718048063,54.0,0.08630086574955662,-0.4200582529074132,0.08584600429574954,-0.41254591588343636,0.015436846713166804,0.1857905818228235
1300,17,252,777.957263569134,4705.278199933562,685.7243502711287,4645.208724743927,54.0,0.08630086574955662,-0.4004868279311754,0.08584600429574954,-0.39160624329806215,0.015436846713166804,0.18474027679315505
1301,17,253,777.957263569134,4705.278199933562,691.3660822278478,4666.660196363947,54.0,0.08630086574955662,-0.3516555752776708,0.08584600429574954,-0.3467205823884174,0.015436846713166804,0.15509604436315683
1302,17,254,777.957263569134,4705.278199933562,592.8377865365509,4734.876730565503,54.0,0.08630086574955662,-0.9237115462659355,0.08584600429574954,-0.9187747514983514,0.015436846713166804,0.32469417623921154
1303,55,254,631.0597053851714,4679.977771773372,592.8377865365509,4734.876730565503,54.0,0.08630086574955662,-0.3236026195515769,0.08584600429574954,-0.3226861564227565,0.015436846713166804,0.12747864908326298
1304,17,255,777.957263569134,4705.278199933562,567.0059918406176,4747.16037686089,54.0,0.08630086574955662,-1.0351012145449665,0.08584600429574954,-1.0317149699886519,0.015436846713166804,0.3800335839964739
1305,32,256,334.71484028241383,4482.861045979598,500.20796147231687,4618.267020372979,54.0,0.08630086574955662,-0.685142776901594,0.08584600429574954,-0.6708667359955083,0.015436846713166804,0.32867657602532846
1306,23,256,492.6610906216525,4339.6404706179,500.20796147231687,4618.267020372979,54.0,0.08630086574955662,-1.4270925659860494,0.08584600429574954,-1.4239595037957065,0.015436846713166804,0.40333516334573744
1307,56,256,677.3923123197425,4458.591690875839,500.20796147231687,4618.267020372979,54.0,0.08630086574955662,-0.8054015326487632,0.08584600429574954,-0.7888159834318762,0.015436846713166804,0.3691446896615378
1308,32,257,334.71484028241383,4482.861045979598,452.8407182199586,4614.347532250419,54.0,0.08630086574955662,-0.5906764346117113,0.08584600429574954,-0.5780620352678825,0.015436846713166804,0.27091652028437274
1309,32,258,334.71484028241383,4482.861045979598,437.13896889547215,4593.005802237853,54.0,0.08630086574955662,-0.4862793449905142,0.08584600429574954,-0.47623209681019674,0.015436846713166804,0.22353951082474574
1310,32,259,334.71484028241383,4482.861045979598,425.7675979026484,4587.306801321076,54.0,0.08630086574955662,-0.44750624570935543,0.08584600429574954,-0.4403237797164523,0.015436846713166804,0.2058953048902372
1311,32,260,334.71484028241383,4482.861045979598,447.73043194608914,4642.773796720821,54.0,0.08630086574955662,-0.6837411024800031,0.08584600429574954,-0.6748243715307201,0.015436846713166804,0.3150699981481786
1312,32,261,334.71484028241383,4482.861045979598,416.52807431204894,4611.258260235148,54.0,0.08630086574955662,-0.5201492356632845,0.08584600429574954,-0.5137537168538997,0.015436846713166804,0.24028456048113822
1313,15,262,-219.46475068668764,3910.916163982088,-239.5128446278165,3906.899903078088,54.0,0.08630086574955662,-0.08968355098290252,0.08584600429574954,-0.08916111117326718,0.015436846713166804,0.03109248195761013
1314,46,262,-260.0556528336838,3915.584287356416,-239.5128446278165,3906.899903078088,54.0,0.08630086574955662,-0.08914675342754114,0.08584600429574954,-0.08880754364359553,0.015436846713166804,0.030739025754874853
1315,14,262,-195.2527334913325,3927.819587782603,-239.5128446278165,3906.899903078088,54.0,0.08630086574955662,-0.1693287387511537,0.08584600429574954,-0.1685137931111378,0.015436846713166804,0.06072727139245948
1316,15,263,-219.46475068668764,3910.916163982088,-206.51370862307223,3888.753544352072,54.0,0.08630086574955662,-0.1335652828181889,0.08584600429574954,-0.13340257442751635,0.015436846713166804,0.03725671466497678
1317,46,263,-260.0556528336838,3915.584287356416,-206.51370862307223,3888.753544352072,54.0,0.08630086574955662,-0.2596049692763858,0.08584600429574954,-0.2580911163785674,0.015436846713166804,0.07736309025456453
1318,14,263,-191.8510249122208,3920.732064928668,-206.51370862307223,3888.753544352072,54.0,0.08630086574955662,-0.10661461440721834,0.08584600429574954,-0.10507853114134816,0.015436846713166804,0.0369217053329852
1319,15,264,-219.46475068668764,3910.916163982088,-247.0083933535225,3882.934832278036,54.0,0.08630086574955662,-0.16206270382888158,0.08584600429574954,-0.16046141705373085,0.015436846713166804,0.054204921754367925
1320,46,264,-260.0556528336838,3915.584287356416,-247.0083933535225,3882.934832278036,54.0,0.08630086574955662,-0.13540845661155873,0.08584600429574954,-0.13458327346576535,0.015436846713166804,0.046827950059620434
1321,14,264,-191.8510249122208,3920.732064928668,-247.0083933535225,3882.934832278036,54.0,0.08630086574955662,-0.23558050368159625,0.08584600429574954,-0.23373190101455657,0.015436846713166804,0.08084433514596769
1322,15,265,-219.46475068668764,3910.916163982088,-299.6987199382138,3877.517142896227,54.0,0.08630086574955662,-0.3350526567207341,0.08584600429574954,-0.3330336489354664,0.015436846713166804,0.11245007362621293
1323,14,265,-194.70002127832709,3926.657899285984,-299.6987199382138,3877.517142896227,54.0,0.08630086574955662,-0.4236866074792327,0.08584600429574954,-0.42161193937497765,0.015436846713166804,0.14546174533345396
1324,46,265,-260.0556528336838,3915.584287356416,-299.6987199382138,3877.517142896227,54.0,0.08630086574955662,-0.23005998602015523,0.08584600429574954,-0.2304432080897384,0.015436846713166804,0.0730941048680522
1325,46,266,-260.0556528336838,3915.584287356416,-207.05441320593363,3875.578724167899,54.0,0.08630086574955662,-0.2931064566025129,0.08584600429574954,-0.29113238731115143,0.015436846713166804,0.08683423364321496
1326,14,266,-191.8510249122208,3920.732064928668,-207.05441320593363,3875.578724167899,54.0,0.08630086574955662,-0.16054214083302198,0.08584600429574954,-0.1584648731524097,0.015436846713166804,0.05199168165996157
1327,15,267,-219.46475068668764,3910.916163982088,-288.28040614727314,3869.763411078973,54.0,0.08630086574955662,-0.2981663224663659,0.08584600429574954,-0.29570058502861574,0.015436846713166804,0.10590795747154873
1328,46,267,-260.0556528336838,3915.584287356416,-288.28040614727314,3869.763411078973,54.0,0.08630086574955662,-0.21350483190804898,0.08584600429574954,-0.21333401345860425,0.015436846713166804,0.07183694239691046
1329,14,267,-191.8510249122208,3920.732064928668,-288.28040614727314,3869.763411078973,54.0,0.08630086574955662,-0.3776484425975589,0.08584600429574954,-0.3748524980870178,0.015436846713166804,0.13632492896839477
1330,46,268,-260.0556528336838,3915.584287356416,-224.7874470069469,3868.704572457101,54.0,0.08630086574955662,-0.23398058463182836,0.08584600429574954,-0.23246859741286716,0.015436846713166804,0.07760516535513855
1331,14,268,-191.8510249122208,3920.732064928668,-224.7874470069469,3868.704572457101,54.0,0.08630086574955662,-0.25054940710175494,0.08584600429574954,-0.24879314913933007,0.015436846713166804,0.07228598228554575
1332,46,269,-260.0556528336838,3915.584287356416,-260.1284068828446,3860.327587174116,54.0,0.08630086574955662,-0.1889599893390723,0.08584600429574954,-0.18728412349673185,0.015436846713166804,0.0717067961293411
1333,15,269,-219.46475068668764,3910.916163982088,-260.1284068828446,3860.327587174116,54.0,0.08630086574955662,-0.24413421548992226,0.08584600429574954,-0.24157743971683837,0.015436846713166804,0.08681506762796075
1334,14,269,-191.8510249122208,3920.732064928668,-260.1284068828446,3860.327587174116,54.0,0.08630086574955662,-0.33241317343102933,0.08584600429574954,-0.3299780520691783,0.015436846713166804,0.1127844848366565
1335,46,270,-260.0556528336838,3915.584287356416,-301.76269843675186,3851.489323913676,54.0,0.08630086574955662,-0.296225344883074,0.08584600429574954,-0.29621218612286004,0.015436846713166804,0.1048377452844512
1336,15,270,-219.46475068668764,3910.916163982088,-301.76269843675186,3851.489323913676,54.0,0.08630086574955662,-0.36891316511646177,0.08584600429574954,-0.36629937226707404,0.015436846713166804,0.13794901663548628
1337,14,270,-191.8510249122208,3920.732064928668,-301.76269843675186,3851.489323913676,54.0,0.08630086574955662,-0.4478345621785498,0.08584600429574954,-0.44480336619264943,0.015436846713166804,0.16810295570554973
1338,14,271,-191.8510249122208,3920.732064928668,-230.0244001131252,3856.086690947165,54.0,0.08630086574955662,-0.30532444454634705,0.08584600429574954,-0.3037623402133788,0.015436846713166804,0.08925932208479766
1339,46,272,-260.0556528336838,3915.584287356416,-212.9190342948821,3852.70955400908,54.0,0.08630086574955662,-0.32674867742964725,0.08584600429574954,-0.3248373005030253,0.015436846713166804,0.10226393881151738
1340,14,272,-191.8510249122208,3920.732064928668,-212.9190342948821,3852.70955400908,54.0,0.08630086574955662,-0.26566243574927556,0.08584600429574954,-0.26309115774680103,0.015436846713166804,0.08129893611087516
1341,3,272,-366.6419945922364,3850.319998086217,-212.9190342948821,3852.70955400908,54.0,0.08630086574955662,-0.5547030465227544,0.08584600429574954,-0.5541985008404029,0.015436846713166804,0.21262081534187832
1342,15,273,-219.46475068668764,3910.916163982088,-259.69914487938223,3840.648840093646,54.0,0.08630086574955662,-0.31224399806223435,0.08584600429574954,-0.31093989645046577,0.015436846713166804,0.10827260206590597
1343,14,273,-191.8510249122208,3920.732064928668,-259.69914487938223,3840.648840093646,54.0,0.08630086574955662,-0.4087596953604911,0.08584600429574954,-0.4078993999175042,0.015436846713166804,0.13125538289366476
1344,46,273,-260.0556528336838,3915.584287356416,-259.69914487938223,3840.648840093646,54.0,0.08630086574955662,-0.25337284916918507,0.08584600429574954,-0.2511758967702758,0.015436846713166804,0.09847835381979567
1345,3,274,-366.6419945922364,3850.319998086217,-217.82064581615532,3836.435116427341,54.0,0.08630086574955662,-0.5983556797078817,0.08584600429574954,-0.595486040339494,0.015436846713166804,0.21814327323915383
1346,46,274,-260.0556528336838,3915.584287356416,-217.82064581615532,3836.435116427341,54.0,0.08630086574955662,-0.34502617319634643,0.08584600429574954,-0.3441355656707796,0.015436846713166804,0.11821067075301381
1347,14,274,-191.8510249122208,3920.732064928668,-217.82064581615532,3836.435116427341,54.0,0.08630086574955662,-0.32648990073745127,0.08584600429574954,-0.3234334883944625,0.015436846713166804,0.10432410344381561
1348,46,275,-260.0556528336838,3915.584287356416,-228.4608267250068,3835.49661024065,54.0,0.08630086574955662,-0.3331134216733623,0.08584600429574954,-0.3336129519754258,0.015436846713166804,0.11482888229692984
1349,14,275,-191.8510249122208,3920.732064928668,-228.4608267250068,3835.49661024065,54.0,0.08630086574955662,-0.3696632911790417,0.08584600429574954,-0.367337560930297,0.015436846713166804,0.11249542113538845
1350,14,276,-191.8510249122208,3920.732064928668,-220.7072172819317,3822.533501197976,54.0,0.08630086574955662,-0.3689185369505077,0.08584600429574954,-0.36535374406387516,0.015436846713166804,0.12386709198124217
1351,3,276,-366.6419945922364,3850.319998086217,-220.7072172819317,3822.533501197976,54.0,0.08630086574955662,-0.5931053481059496,0.08584600429574954,-0.5893765830748481,0.015436846713166804,0.21694458505288697
1352,46,276,-260.0556528336838,3915.584287356416,-220.7072172819317,3822.533501197976,54.0,0.08630086574955662,-0.3848863240926532,0.08584600429574954,-0.38510749186148935,0.015436846713166804,0.1359332849690564
1353,15,276,-219.46475068668764,3910.916163982088,-220.7072172819317,3822.533501197976,54.0,0.08630086574955662,-0.38929422186386886,0.08584600429574954,-0.38736624491143157,0.015436846713166804,0.11674447577777501
1354,14,277,-191.8510249122208,3920.732064928668,-220.52307878009043,3896.322588863719,54.0,0.08630086574955662,-0.12070845577848835,0.08584600429574954,-0.12018464063408382,0.015436846713166804,0.0421223332715344
1355,15,277,-219.46475068668764,3910.916163982088,-220.52307878009043,3896.322588863719,54.0,0.08630086574955662,-0.08372248714210678,0.08584600429574954,-0.08382206519881762,0.015436846713166804,0.02567229177124771
1356,46,277,-260.0556528336838,3915.584287356416,-220.52307878009043,3896.322588863719,54.0,0.08630086574955662,-0.17358877805752998,0.08584600429574954,-0.17249067774361287,0.015436846713166804,0.05686889828825603
1357,46,278,-260.0556528336838,3915.584287356416,-234.22537457612623,3832.547431286246,54.0,0.08630086574955662,-0.3316120880677136,0.08584600429574954,-0.3323509703690064,0.015436846713166804,0.11593822908640107
1358,14,278,-191.8510249122208,3920.732064928668,-234.22537457612623,3832.547431286246,54.0,0.08630086574955662,-0.39587782765025664,0.08584600429574954,-0.394556688304771,0.015436846713166804,0.12119901545120024
1359,15,278,-219.46475068668764,3910.916163982088,-234.22537457612623,3832.547431286246,54.0,0.08630086574955662,-0.34363432439746044,0.08584600429574954,-0.34479698667526953,0.015436846713166804,0.10781604645476735
1360,14,279,-191.8510249122208,3920.732064928668,-239.64545070337945,3852.531569643749,54.0,0.08630086574955662,-0.3360068658860718,0.08584600429574954,-0.3353369627238041,0.015436846713166804,0.10067854455148782
1361,15,279,-219.46475068668764,3910.916163982088,-239.64545070337945,3852.531569643749,54.0,0.08630086574955662,-0.25730137443869644,0.08584600429574954,-0.25696932842948517,0.015436846713166804,0.08190914710137846
1362,15,280,-219.46475068668764,3910.916163982088,-222.45927337673947,3847.821790182078,54.0,0.08630086574955662,-0.30811272932898415,0.08584600429574954,-0.3070211632648518,0.015436846713166804,0.08240715199477226
1363,46,280,-260.0556528336838,3915.584287356416,-222.45927337673947,3847.821790182078,54.0,0.08630086574955662,-0.30691948182243556,0.08584600429574954,-0.3062366317273322,0.015436846713166804,0.10141914934538661
1364,14,280,-191.8510249122208,3920.732064928668,-222.45927337673947,3847.821790182078,54.0,0.08630086574955662,-0.31817155400848185,0.08584600429574954,-0.31549615392714525,0.015436846713166804,0.09254000183936895
1365,14,281,-191.8510249122208,3920.732064928668,-204.13750177921133,3830.7645324182754,54.0,0.08630086574955662,-0.2390522681898984,0.08584600429574954,-0.23490170818989817,0.015436846713166804,0.10514393231451684
1366,46,281,-260.0556528336838,3915.584287356416,-204.13750177921133,3830.7645324182754,54.0,0.08630086574955662,-0.40050909344554225,0.08584600429574954,-0.3984464805403771,0.015436846713166804,0.13391564761435903
1367,46,282,-260.0556528336838,3915.584287356416,-196.31793179281823,3850.097955642777,54.0,0.08630086574955662,-0.3818786150065302,0.08584600429574954,-0.3788249826392699,0.015436846713166804,0.11778598528561567
1368,15,282,-219.46475068668764,3910.916163982088,-196.31793179281823,3850.097955642777,54.0,0.08630086574955662,-0.2923407793510975,0.08584600429574954,-0.2904885777375681,0.015436846713166804,0.08416303935601108
1369,14,282,-191.8510249122208,3920.732064928668,-196.31793179281823,3850.097955642777,54.0,0.08630086574955662,-0.14280168907489793,0.08584600429574954,-0.13847460689748453,0.015436846713166804,0.07737994195568333
1370,15,283,-219.46475068668764,3910.916163982088,-239.63954182075463,3893.468471754271,54.0,0.08630086574955662,-0.1141613892409292,0.08584600429574954,-0.11326880367727615,0.015436846713166804,0.03866038263507812
1371,46,283,-260.0556528336838,3915.584287356416,-239.63954182075463,3893.468471754271,54.0,0.08630086574955662,-0.12016992997110534,0.08584600429574954,-0.11952201630548522,0.015436846713166804,0.04068696372177747
1372,14,283,-191.8510249122208,3920.732064928668,-239.63954182075463,3893.468471754271,54.0,0.08630086574955662,-0.18084461818071354,0.08584600429574954,-0.17978727077054515,0.015436846713166804,0.06471133669820105
1373,15,284,-219.46475068668764,3910.916163982088,-270.3096398577547,3825.91280365092,54.0,0.08630086574955662,-0.37607503914760926,0.08584600429574954,-0.37439515858191647,0.015436846713166804,0.13397561362785207
1374,14,284,-191.8510249122208,3920.732064928668,-270.3096398577547,3825.91280365092,54.0,0.08630086574955662,-0.4794658071849792,0.08584600429574954,-0.478653930349618,0.015436846713166804,0.15729629448701118
1375,46,284,-260.0556528336838,3915.584287356416,-270.3096398577547,3825.91280365092,54.0,0.08630086574955662,-0.3100015303899557,0.08584600429574954,-0.30768456273758943,0.015436846713166804,0.12030502260328886
1376,14,285,-191.8510249122208,3920.732064928668,-313.64040487867874,3841.407442527648,54.0,0.08630086574955662,-0.5151475837808652,0.08584600429574954,-0.5117518950820392,0.015436846713166804,0.19122522647945536
1377,14,286,-191.8510249122208,3920.732064928668,-237.86889380994464,3869.5690282123273,54.0,0.08630086574955662,-0.26812814436270704,0.08584600429574954,-0.2666010727681657,0.015436846713166804,0.08299651547833727
1378,46,286,-260.0556528336838,3915.584287356416,-237.86889380994464,3869.5690282123273,54.0,0.08630086574955662,-0.20084561795881378,0.08584600429574954,-0.19965943819848234,0.015436846713166804,0.06753148761300679
1379,15,287,-219.46475068668764,3910.916163982088,-290.1032136269349,3879.02770495162,54.0,0.08630086574955662,-0.29431223502114107,0.08584600429574954,-0.2921459227845256,0.015436846713166804,0.10030120769471579
1380,46,287,-260.0556528336838,3915.584287356416,-290.1032136269349,3879.02770495162,54.0,0.08630086574955662,-0.1958506178367458,0.08584600429574954,-0.19599263819860868,0.015436846713166804,0.0627001101112461
1381,46,288,-260.0556528336838,3915.584287356416,-217.05716463296827,3881.450900568053,54.0,0.08630086574955662,-0.23018389889195784,0.08584600429574954,-0.22845846771666203,0.015436846713166804,0.07212303456892015
1382,46,289,-260.0556528336838,3915.584287356416,-287.08457697353265,3860.139446947377,54.0,0.08630086574955662,-0.23358501176292662,0.08584600429574954,-0.2331282366922694,0.015436846713166804,0.08345035011026584
1383,46,290,-260.0556528336838,3915.584287356416,-284.4670125726876,3807.7889507976943,54.0,0.08630086574955662,-0.371939834173241,0.08584600429574954,-0.36748354671209293,0.015436846713166804,0.14908811532769772
1384,46,291,-260.0556528336838,3915.584287356416,-264.284648689563,3867.396538917314,54.0,0.08630086574955662,-0.16933701701103865,0.08584600429574954,-0.16796846195120005,0.015436846713166804,0.06278408659014215
1385,46,292,-260.0556528336838,3915.584287356416,-305.30829728411254,3860.661942635376,54.0,0.08630086574955662,-0.28387072588370343,0.08584600429574954,-0.28401848710933897,0.015436846713166804,0.09593712227232654
1386,46,293,-260.0556528336838,3915.584287356416,-254.8098989424844,3843.565233451433,54.0,0.08630086574955662,-0.24319824391665873,0.08584600429574954,-0.24101609716194045,0.015436846713166804,0.09456004278878109
1387,14,294,-191.2861040228232,3920.912450661129,-93.57726189495948,3961.546197789921,54.0,0.08630086574955662,-0.34136564806863834,0.08584600429574954,-0.33777272151392707,0.015436846713166804,0.15458976127587506
1388,9,294,9.936533141897351,4088.226647492491,-93.57726189495948,3961.546197789921,54.0,0.08630086574955662,-0.847603214928363,0.08584600429574954,-0.8492190685854853,0.015436846713166804,0.2907297578325553
1389,9,295,9.936533141897351,4088.226647492491,-56.035500045016406,3941.502507723401,54.0,0.08630086574955662,-0.8907818137773404,0.08584600429574954,-0.8882241345736728,0.015436846713166804,0.26776826088503913
1390,14,295,-191.2861040228232,3920.912450661129,-56.035500045016406,3941.502507723401,54.0,0.08630086574955662,-0.4716263438656672,0.08584600429574954,-0.467406165691436,0.015436846713166804,0.19217130714480338
1391,14,296,-191.2861040228232,3920.912450661129,-83.42484145845008,3942.88148701633,54.0,0.08630086574955662,-0.34902958575810644,0.08584600429574954,-0.34472720560224446,0.015436846713166804,0.15074134259255975
1392,14,297,-191.2861040228232,3920.912450661129,-58.13533851273078,3928.158727312826,54.0,0.08630086574955662,-0.44475767167501934,0.08584600429574954,-0.44016795979741835,0.015436846713166804,0.17674511920648456
1393,9,297,9.936533141897351,4088.226647492491,-58.13533851273078,3928.158727312826,54.0,0.08630086574955662,-0.9590768572813909,0.08584600429574954,-0.9565938399426228,0.015436846713166804,0.2875581701296632
1394,14,298,-191.2861040228232,3920.912450661129,-76.10278929015365,3928.390718488814,54.0,0.08630086574955662,-0.36239367192847394,0.08584600429574954,-0.35729835633048146,0.015436846713166804,0.14922238203360413
1395,14,299,-191.2861040228232,3920.912450661129,-88.19284338416543,3910.3239477963098,54.0,0.08630086574955662,-0.2929121508260993,0.08584600429574954,-0.28836121555060124,0.015436846713166804,0.12467523695128975
1396,14,300,-191.2861040228232,3920.912450661129,-66.20733732343768,3907.189374107909,54.0,0.08630086574955662,-0.3704226126963589,0.08584600429574954,-0.3655159302752094,0.015436846713166804,0.15709767583084347
1397,14,301,-191.2861040228232,3920.912450661129,-31.22363826822373,3895.155107689023,54.0,0.08630086574955662,-0.4962845707347423,0.08584600429574954,-0.4912515227386973,0.015436846713166804,0.21086334208413438
1398,14,302,-191.2861040228232,3920.912450661129,-109.8933281317338,3891.788283909125,54.0,0.08630086574955662,-0.21146703246800133,0.08584600429574954,-0.20688904052555754,0.015436846713166804,0.09927177000913975
1399,14,303,-191.2861040228232,3920.912450661129,-88.84745792148391,3891.638924250811,54.0,0.08630086574955662,-0.2812533680231069,0.08584600429574954,-0.2761310613735961,0.015436846713166804,0.1277616297736346
1400,14,304,-191.2861040228232,3920.912450661129,-69.56334702608117,3889.639795815675,54.0,0.08630086574955662,-0.34187340163963287,0.08584600429574954,-0.33565750798712723,0.015436846713166804,0.1545184091365499
1401,14,305,-191.2861040228232,3920.912450661129,-47.84804575173801,3889.788154786775,54.0,0.08630086574955662,-0.41899462538565163,0.08584600429574954,-0.4130886648068266,0.015436846713166804,0.18528462174525767
1402,14,306,-191.2861040228232,3920.912450661129,-23.36300577374711,3882.6832047228254,54.0,0.08630086574955662,-0.5096610056366472,0.08584600429574954,-0.5033481355841497,0.015436846713166804,0.22337359176980118
1403,50,307,-32.87294301735424,3776.17863145535,-65.13866586007784,3871.8509974488175,54.0,0.08630086574955662,-0.28076846932221344,0.08584600429574954,-0.2738862248273734,0.015436846713166804,0.13629833610012515
1404,14,307,-191.2861040228232,3920.912450661129,-65.13866586007784,3871.8509974488175,54.0,0.08630086574955662,-0.3407005089618338,0.08584600429574954,-0.3325920390591491,0.015436846713166804,0.1648989039661565
1405,14,308,-191.2861040228232,3920.912450661129,-50.13229410178342,3867.0999269122817,54.0,0.08630086574955662,-0.38568736663830666,0.08584600429574954,-0.37652203270713747,0.015436846713166804,0.18691567218534835
1406,14,309,-191.2861040228232,3920.912450661129,-35.39723016141716,3854.209722232396,54.0,0.08630086574955662,-0.44009107245014656,0.08584600429574954,-0.4292330150570144,0.015436846713166804,0.21262017466766558
1407,14,310,-191.2861040228232,3920.912450661129,-61.32288072890474,3816.801141060652,54.0,0.08630086574955662,-0.2994964087230617,0.08584600429574954,-0.2806766968832629,0.015436846713166804,0.17720471406071722
1408,50,310,-32.87294301735424,3776.17863145535,-61.32288072890474,3816.801141060652,54.0,0.08630086574955662,-0.1327550242893171,0.08584600429574954,-0.1290789670588987,0.015436846713166804,0.0647078735422177
1409,14,311,-191.2861040228232,3920.912450661129,-70.85258713100723,3825.679041233032,54.0,0.08630086574955662,-0.27070274827834223,0.08584600429574954,-0.253339416596503,0.015436846713166804,0.1607567998731214
1410,50,311,-32.87294301735424,3776.17863145535,-70.85258713100723,3825.679041233032,54.0,0.08630086574955662,-0.16077676685589118,0.08584600429574954,-0.15566249113759795,0.015436846713166804,0.08067844506076655
1411,50,312,-32.87294301735424,3776.17863145535,-77.81854309749487,3807.703348510464,54.0,0.08630086574955662,-0.11763997074560494,0.08584600429574954,-0.1109981476255469,0.015436846713166804,0.06400858388736501
1412,14,312,-191.2861040228232,3920.912450661129,-77.81854309749487,3807.703348510464,54.0,0.08630086574955662,-0.23853420461707617,0.08584600429574954,-0.2164660399304374,0.015436846713166804,0.1544843548754404
1413,18,313,55.99463969610678,3684.4657106501672,-71.53169503986241,3812.202036985935,54.0,0.08630086574955662,-0.5796903961268902,0.08584600429574954,-0.568831082792481,0.015436846713166804,0.23841939218341837
1414,14,313,-191.2861040228232,3920.912450661129,-71.53169503986241,3812.202036985935,54.0,0.08630086574955662,-0.26023677215496543,0.08584600429574954,-0.2395199392227608,0.015436846713166804,0.16237308687345547
1415,14,314,-191.2861040228232,3920.912450661129,-100.08529526117316,3900.3226209859754,54.0,0.08630086574955662,-0.2572829515409447,0.08584600429574954,-0.2528779377991771,0.015436846713166804,0.11024800811202565
1416,14,315,-191.2861040228232,3920.912450661129,-89.8146653730421,3916.635476753353,54.0,0.08630086574955662,-0.2861216092676979,0.08584600429574954,-0.28162160798699987,0.015436846713166804,0.12188243435378289
1417,18,316,55.99463969610678,3684.4657106501672,-21.70518692471069,3895.884300151082,54.0,0.08630086574955662,-0.6073570321289387,0.08584600429574954,-0.5908074658388717,0.015436846713166804,0.2843512765560101
1418,14,316,-191.2861040228232,3920.912450661129,-21.70518692471069,3895.884300151082,54.0,0.08630086574955662,-0.53807341708846,0.08584600429574954,-0.532787698928497,0.015436846713166804,0.2268400181664896
1419,15,317,-219.46475068668764,3910.916163982088,-110.01626871790168,3882.272424637356,54.0,0.08630086574955662,-0.24319229489439192,0.08584600429574954,-0.23483689494347104,0.015436846713166804,0.1208458382201556
1420,14,317,-191.2861040228232,3920.912450661129,-110.01626871790168,3882.272424637356,54.0,0.08630086574955662,-0.2018322665187758,0.08584600429574954,-0.19580762589294903,0.015436846713166804,0.10102921940390067
1421,18,318,55.99463969610678,3684.4657106501672,-96.97654250745872,3869.5775486716034,54.0,0.08630086574955662,-0.7059723578992515,0.08584600429574954,-0.6892900619744273,0.015436846713166804,0.3143756431485998
1422,14,318,-191.2861040228232,3920.912450661129,-96.97654250745872,3869.5775486716034,54.0,0.08630086574955662,-0.2326839675070897,0.08584600429574954,-0.22489770908599338,0.015436846713166804,0.12036124857727751
1423,14,319,-191.2861040228232,3920.912450661129,-77.79031957572187,3894.979280828351,54.0,0.08630086574955662,-0.32111131751521255,0.08584600429574954,-0.31502207107907343,0.015436846713166804,0.14164893621097974
1424,18,320,55.99463969610678,3684.4657106501672,-55.97942679583037,3901.289986408653,54.0,0.08630086574955662,-0.7030939648180103,0.08584600429574954,-0.6884540617445005,0.015436846713166804,0.31685255764282977
1425,14,321,-191.2861040228232,3920.912450661129,-40.74382534446032,3878.871264722534,54.0,0.08630086574955662,-0.4377775800592164,0.08584600429574954,-0.43165013410817943,0.015436846713166804,0.19886375246880064
1426,18,321,55.99463969610678,3684.4657106501672,-40.74382534446032,3878.871264722534,54.0,0.08630086574955662,-0.604873275231479,0.08584600429574954,-0.5901380205597654,0.015436846713166804,0.2761966971731727
1427,14,322,-191.2861040228232,3920.912450661129,-66.69372584046727,3870.2071380379048,54.0,0.08630086574955662,-0.33371089645571206,0.08584600429574954,-0.3253169039129437,0.015436846713166804,0.16302098147360533
1428,18,322,55.99463969610678,3684.4657106501672,-66.69372584046727,3870.2071380379048,54.0,0.08630086574955662,-0.6469360691265765,0.08584600429574954,-0.6322368238820578,0.015436846713166804,0.29000005707793386
1429,50,322,-32.87294301735424,3776.17863145535,-66.69372584046727,3870.2071380379048,54.0,0.08630086574955662,-0.27548854711423126,0.08584600429574954,-0.2685555709690318,0.015436846713166804,0.13439202758483548
1430,9,323,9.936533141897351,4088.226647492491,-54.35065196736064,3922.548138121946,54.0,0.08630086574955662,-0.9820883950279282,0.08584600429574954,-0.9794388230086345,0.015436846713166804,0.28968162040730855
1431,14,323,-191.2861040228232,3920.912450661129,-54.35065196736064,3922.548138121946,54.0,0.08630086574955662,-0.41139333400185446,0.08584600429574954,-0.40638445881099894,0.015436846713166804,0.17484578938867756
1432,21,323,103.34699834515416,4117.964937310308,-54.35065196736064,3922.548138121946,54.0,0.08630086574955662,-1.1738820791088131,0.08584600429574954,-1.167890294544215,0.015436846713166804,0.36807459732761094
1433,14,324,-191.2861040228232,3920.912450661129,-90.20027446475764,3884.516943179324,54.0,0.08630086574955662,-0.26872070120071295,0.08584600429574954,-0.2629908912474585,0.015436846713166804,0.1273111184876942
1434,23,325,485.3312407692456,4298.036308618457,442.6118074904948,4070.2277085185783,54.0,0.08630086574955662,-0.38661579834441717,0.08584600429574954,-0.36868613111693793,0.015436846713166804,0.1870645603023597
1435,39,325,491.6009153175041,3965.873607703836,442.6118074904948,4070.2277085185783,54.0,0.08630086574955662,-0.2466084095501602,0.08584600429574954,-0.24092166669240306,0.015436846713166804,0.11628062469902822
1436,45,325,517.3116391169647,4113.7490927459785,442.6118074904948,4070.2277085185783,54.0,0.08630086574955662,-0.43878830476842323,0.08584600429574954,-0.4360787838440457,0.015436846713166804,0.09778639923340732
1437,41,325,461.8106926932424,4070.996636995212,442.6118074904948,4070.2277085185783,54.0,0.08630086574955662,-0.07652922275739857,0.08584600429574954,-0.07622474139120206,0.015436846713166804,0.020610145280958093
1438,47,325,497.40279712570856,4039.075701869608,442.6118074904948,4070.2277085185783,54.0,0.08630086574955662,-0.25010575858113004,0.08584600429574954,-0.2489230564936136,0.015436846713166804,0.06950942503066032
1439,60,325,462.2337953932308,4065.780960132662,442.6118074904948,4070.2277085185783,54.0,0.08630086574955662,-0.0839970775903123,0.08584600429574954,-0.0836572937399941,0.015436846713166804,0.022582604738250498
1440,61,325,463.203498736656,4062.892527800171,442.6118074904948,4070.2277085185783,54.0,0.08630086574955662,-0.09097764509603729,0.08584600429574954,-0.09059673188631519,0.015436846713166804,0.02437005689042393
1441,27,325,413.6607163277177,4126.933692479007,442.6118074904948,4070.2277085185783,54.0,0.08630086574955662,-0.2588047446562304,0.08584600429574954,-0.25877045339823623,0.015436846713166804,0.06816406566197818
1442,44,325,470.9318574712719,4102.798680980681,442.6118074904948,4070.2277085185783,54.0,0.08630086574955662,-0.15264178214635224,0.08584600429574954,-0.1515063368468224,0.015436846713166804,0.040731951684027067
1443,45,326,517.3116391169647,4113.7490927459785,473.81212145827845,4062.309946420862,54.0,0.08630086574955662,-0.4534707955173603,0.08584600429574954,-0.4515570830700782,0.015436846713166804,0.08872439664610267
1444,35,326,583.2192292927565,4207.570440686977,473.81212145827845,4062.309946420862,54.0,0.08630086574955662,-0.8966630229501377,0.08584600429574954,-0.8951355335506698,0.015436846713166804,0.22920891917410038
1445,52,326,577.7231586056545,4060.836546501464,473.81212145827845,4062.309946420862,54.0,0.08630086574955662,-0.5554764303183717,0.08584600429574954,-0.5535097731142867,0.015436846713166804,0.15682459099354895
1446,36,326,587.79522063936,3965.30735379632,473.81212145827845,4062.309946420862,54.0,0.08630086574955662,-0.7375748671096043,0.08584600429574954,-0.7364426514200485,0.015436846713166804,0.2201765961644344
1447,41,326,461.8106926932424,4070.996636995212,473.81212145827845,4062.309946420862,54.0,0.08630086574955662,-0.06376680125381579,0.08584600429574954,-0.06332624381367868,0.015436846713166804,0.015879161251615603
1448,61,326,463.203498736656,4062.892527800171,473.81212145827845,4062.309946420862,54.0,0.08630086574955662,-0.0563075895393341,0.08584600429574954,-0.055918566928508766,0.015436846713166804,0.014021673918156063
1449,31,326,286.22286085268047,4096.016113555928,473.81212145827845,4062.309946420862,54.0,0.08630086574955662,-0.7584418524094234,0.08584600429574954,-0.75652942126115,0.015436846713166804,0.22042709207117106
1450,27,326,413.6607163277177,4126.933692479007,473.81212145827845,4062.309946420862,54.0,0.08630086574955662,-0.32536936693130036,0.08584600429574954,-0.32324007324395476,0.015436846713166804,0.09008736405882808
1451,23,326,485.3312407692456,4298.036308618457,473.81212145827845,4062.309946420862,54.0,0.08630086574955662,-0.561290484168123,0.08584600429574954,-0.5454859558591847,0.015436846713166804,0.22893097013558855
1452,60,326,462.2337953932308,4065.780960132662,473.81212145827845,4062.309946420862,54.0,0.08630086574955662,-0.05998931893545063,0.08584600429574954,-0.05957485968289108,0.015436846713166804,0.014938495424272452
1453,44,326,482.2902751987267,4093.226876078621,473.81212145827845,4062.309946420862,54.0,0.08630086574955662,-0.20887788103045463,0.08584600429574954,-0.20781639072381713,0.015436846713166804,0.03817273954702008
1454,47,326,497.40279712570856,4039.075701869608,473.81212145827845,4062.309946420862,54.0,0.08630086574955662,-0.168233794109458,0.08584600429574954,-0.16723095557195275,0.015436846713166804,0.042827624328396555
1455,39,326,491.6009153175041,3965.873607703836,473.81212145827845,4062.309946420862,54.0,0.08630086574955662,-0.26911544401141224,0.08584600429574954,-0.26616792208713014,0.015436846713166804,0.10645593225215601
1456,48,326,542.8497150079456,3957.433060143872,473.81212145827845,4062.309946420862,54.0,0.08630086574955662,-0.5391989748104924,0.08584600429574954,-0.536128160504077,0.015436846713166804,0.17189612858488615
1457,43,326,630.0947010611478,4141.259609929846,473.81212145827845,4062.309946420862,54.0,0.08630086574955662,-0.9108820866876493,0.08584600429574954,-0.90991353966241,0.015436846713166804,0.25131128588298135
1458,27,327,413.6607163277177,4126.933692479007,468.27210347413103,4049.616241434093,54.0,0.08630086574955662,-0.3648690847350228,0.08584600429574954,-0.36374991040482263,0.015436846713166804,0.0983098442819124
1459,39,327,491.6009153175041,3965.873607703836,468.27210347413103,4049.616241434093,54.0,0.08630086574955662,-0.1678427644255617,0.08584600429574954,-0.16511182695166587,0.015436846713166804,0.08882733760306688
1460,43,327,630.0947010611478,4141.259609929846,468.27210347413103,4049.616241434093,54.0,0.08630086574955662,-0.9464759930093771,0.08584600429574954,-0.9450363377102144,0.015436846713166804,0.2665333087835789
1461,61,327,463.203498736656,4062.892527800171,468.27210347413103,4049.616241434093,54.0,0.08630086574955662,-0.06695072234675296,0.08584600429574954,-0.06648558655744655,0.015436846713166804,0.016913405628766715
1462,52,327,577.7231586056545,4060.836546501464,468.27210347413103,4049.616241434093,54.0,0.08630086574955662,-0.5720083928845803,0.08584600429574954,-0.5699145995427517,0.015436846713166804,0.16290105558170503
1463,47,327,497.40279712570856,4039.075701869608,468.27210347413103,4049.616241434093,54.0,0.08630086574955662,-0.10377460443874158,0.08584600429574954,-0.1033670051038625,0.015436846713166804,0.03685910620706628
1464,48,327,542.8497150079456,3957.433060143872,468.27210347413103,4049.616241434093,54.0,0.08630086574955662,-0.4268262045297302,0.08584600429574954,-0.4242394667595613,0.015436846713166804,0.15604532489180123
1465,31,327,286.22286085268047,4096.016113555928,468.27210347413103,4049.616241434093,54.0,0.08630086574955662,-0.6488594307948741,0.08584600429574954,-0.6451778043970535,0.015436846713166804,0.21624282814223872
1466,36,327,587.79522063936,3965.30735379632,468.27210347413103,4049.616241434093,54.0,0.08630086574955662,-0.6425533607534967,0.08584600429574954,-0.6404178814030985,0.015436846713166804,0.20885438731836706
1467,23,327,485.3312407692456,4298.036308618457,468.27210347413103,4049.616241434093,54.0,0.08630086574955662,-0.5222380943887192,0.08584600429574954,-0.5052336724158089,0.015436846713166804,0.2216333926975841
1468,41,327,461.8106926932424,4070.996636995212,468.27210347413103,4049.616241434093,54.0,0.08630086574955662,-0.09201471467030492,0.08584600429574954,-0.09137680627241546,0.015436846713166804,0.023118197284072387
1469,60,327,462.2337953932308,4065.780960132662,468.27210347413103,4049.616241434093,54.0,0.08630086574955662,-0.07695701085986255,0.08584600429574954,-0.07642289410503604,0.015436846713166804,0.019391011831142738
1470,44,327,482.2902751987267,4093.226876078621,468.27210347413103,4049.616241434093,54.0,0.08630086574955662,-0.25633422764663305,0.08584600429574954,-0.25496397356029976,0.015436846713166804,0.050908287863674184
1471,45,327,517.3116391169647,4113.7490927459785,468.27210347413103,4049.616241434093,54.0,0.08630086574955662,-0.5085323539768839,0.08584600429574954,-0.5062646023776635,0.015436846713166804,0.10343250780573675
1472,39,328,491.6009153175041,3965.873607703836,447.21509965388833,4045.293583999011,54.0,0.08630086574955662,-0.16553480471176363,0.08584600429574954,-0.1594984210215265,0.015436846713166804,0.09174732923038395
1473,60,328,462.2337953932308,4065.780960132662,447.21509965388833,4045.293583999011,54.0,0.08630086574955662,-0.09408408097483853,0.08584600429574954,-0.09306511897286471,0.015436846713166804,0.02673137786557893
1474,27,328,413.6607163277177,4126.933692479007,447.21509965388833,4045.293583999011,54.0,0.08630086574955662,-0.3484006655343806,0.08584600429574954,-0.34811309649695454,0.015436846713166804,0.09441151094798164
1475,36,328,587.79522063936,3965.30735379632,447.21509965388833,4045.293583999011,54.0,0.08630086574955662,-0.6151264059188972,0.08584600429574954,-0.6115772593808472,0.015436846713166804,0.21701717307750656
1476,44,328,482.2902751987267,4093.226876078621,447.21509965388833,4045.293583999011,54.0,0.08630086574955662,-0.2650584446351274,0.08584600429574954,-0.26304191519522274,0.015436846713166804,0.06115010099248835
1477,23,328,485.3312407692456,4298.036308618457,447.21509965388833,4045.293583999011,54.0,0.08630086574955662,-0.4551959363657845,0.08584600429574954,-0.43426388646877634,0.015436846713166804,0.20547930905503128
1478,31,328,286.22286085268047,4096.016113555928,447.21509965388833,4045.293583999011,54.0,0.08630086574955662,-0.5036077348339878,0.08584600429574954,-0.49804432182989605,0.015436846713166804,0.1920714913361373
1479,45,328,517.3116391169647,4113.7490927459785,447.21509965388833,4045.293583999011,54.0,0.08630086574955662,-0.544390113655019,0.08584600429574954,-0.5414513897620583,0.015436846713166804,0.11433687280914313
1480,41,328,461.8106926932424,4070.996636995212,447.21509965388833,4045.293583999011,54.0,0.08630086574955662,-0.10838242576561996,0.08584600429574954,-0.1072391700051622,0.015436846713166804,0.030037472612344386
1481,47,328,497.40279712570856,4039.075701869608,447.21509965388833,4045.293583999011,54.0,0.08630086574955662,-0.13363224576554636,0.08584600429574954,-0.1326772192177142,0.015436846713166804,0.05424014039016472
1482,61,328,463.203498736656,4062.892527800171,447.21509965388833,4045.293583999011,54.0,0.08630086574955662,-0.08712078587615893,0.08584600429574954,-0.08618337361093235,0.015436846713166804,0.025287380415430636
1483,43,328,630.0947010611478,4141.259609929846,447.21509965388833,4045.293583999011,54.0,0.08630086574955662,-1.0133125441503252,0.08584600429574954,-1.0113836005099608,0.015436846713166804,0.2834678957038415
1484,36,329,587.79522063936,3965.30735379632,431.58584790895287,4026.933212132683,54.0,0.08630086574955662,-0.5871427095244764,0.08584600429574954,-0.5794638940920385,0.015436846713166804,0.22113841344564092
1485,44,329,482.2902751987267,4093.226876078621,431.58584790895287,4026.933212132683,54.0,0.08630086574955662,-0.3054194559203475,0.08584600429574954,-0.3013783135965443,0.015436846713166804,0.08437887712095923
1486,39,329,491.6009153175041,3965.873607703836,431.58584790895287,4026.933212132683,54.0,0.08630086574955662,-0.1966187830929104,0.08584600429574954,-0.1930411514646468,0.015436846713166804,0.09446363208537463
1487,54,329,562.1256537151418,3993.041990758743,431.58584790895287,4026.933212132683,54.0,0.08630086574955662,-0.4427106068343242,0.08584600429574954,-0.43701136585912354,0.015436846713166804,0.1687594439866265
1488,23,329,485.3312407692456,4298.036308618457,431.58584790895287,4026.933212132683,54.0,0.08630086574955662,-0.5141682337762128,0.08584600429574954,-0.4946723246428021,0.015436846713166804,0.23642722070955882
1489,38,329,292.2609771757026,3909.816818957042,431.58584790895287,4026.933212132683,54.0,0.08630086574955662,-0.8145484983472853,0.08584600429574954,-0.8132018053021952,0.015436846713166804,0.2322252282488387
1490,48,329,542.8497150079456,3957.433060143872,431.58584790895287,4026.933212132683,54.0,0.08630086574955662,-0.349999095533358,0.08584600429574954,-0.3424932893829856,0.015436846713166804,0.15864354282812318
1491,27,329,413.6607163277177,4126.933692479007,431.58584790895287,4026.933212132683,54.0,0.08630086574955662,-0.36632278920442674,0.08584600429574954,-0.36327652958524564,0.015436846713166804,0.10670169251697097
1492,60,329,462.2337953932308,4065.780960132662,431.58584790895287,4026.933212132683,54.0,0.08630086574955662,-0.1324467119471168,0.08584600429574954,-0.12936736339619256,0.015436846713166804,0.04932171452649481
1493,43,329,630.0947010611478,4141.259609929846,431.58584790895287,4026.933212132683,54.0,0.08630086574955662,-1.0153830675976632,0.08584600429574954,-1.0117184089809361,0.015436846713166804,0.30833840300236987
1494,45,329,517.3116391169647,4113.7490927459785,431.58584790895287,4026.933212132683,54.0,0.08630086574955662,-0.5789001490007759,0.08584600429574954,-0.5740551373865714,0.015436846713166804,0.1374416610103661
1495,61,329,463.203498736656,4062.892527800171,431.58584790895287,4026.933212132683,54.0,0.08630086574955662,-0.12363676490570835,0.08584600429574954,-0.12069812280760482,0.015436846713166804,0.047696015626780316
1496,41,329,461.8106926932424,4070.996636995212,431.58584790895287,4026.933212132683,54.0,0.08630086574955662,-0.14824672441361758,0.08584600429574954,-0.14530681256076092,0.015436846713166804,0.053184428183918254
1497,47,329,497.40279712570856,4039.075701869608,431.58584790895287,4026.933212132683,54.0,0.08630086574955662,-0.1603434911243389,0.08584600429574954,-0.1580247269947423,0.015436846713166804,0.0696391577607133
1498,31,329,286.22286085268047,4096.016113555928,431.58584790895287,4026.933212132683,54.0,0.08630086574955662,-0.46444173596552296,0.08584600429574954,-0.4582399936362722,0.015436846713166804,0.18391783665118092
1499,54,330,562.1256537151418,3993.041990758743,408.9986108563161,3996.755525049388,54.0,0.08630086574955662,-0.5747461664104826,0.08584600429574954,-0.5686422593616685,0.015436846713166804,0.19498580366343893
1500,62,330,438.3970135664206,3912.290557700556,408.9986108563161,3996.755525049388,54.0,0.08630086574955662,-0.42915192791978585,0.08584600429574954,-0.4286910433120752,0.015436846713166804,0.1327877381742992
1501,31,330,286.22286085268047,4096.016113555928,408.9986108563161,3996.755525049388,54.0,0.08630086574955662,-0.5234828617942336,0.08584600429574954,-0.516290120315635,0.015436846713166804,0.1884816336962773
1502,39,330,491.6009153175041,3965.873607703836,408.9986108563161,3996.755525049388,54.0,0.08630086574955662,-0.3064359674572162,0.08584600429574954,-0.3048712233122382,0.015436846713166804,0.10992170198552428
1503,65,330,465.43944178630807,4063.6597216274654,408.9986108563161,3996.755525049388,54.0,0.08630086574955662,-0.24622847808289802,0.08584600429574954,-0.2430023246006564,0.015436846713166804,0.09500720674366106
1504,27,330,413.6607163277177,4126.933692479007,408.9986108563161,3996.755525049388,54.0,0.08630086574955662,-0.48924684262720597,0.08584600429574954,-0.48842804432992076,0.015436846713166804,0.1484868506469471
1505,36,330,587.79522063936,3965.30735379632,408.9986108563161,3996.755525049388,54.0,0.08630086574955662,-0.6654334450940537,0.08584600429574954,-0.658865939967468,0.015436846713166804,0.24226752020150544
1506,61,330,463.203498736656,4062.892527800171,408.9986108563161,3996.755525049388,54.0,0.08630086574955662,-0.24025065181466504,0.08584600429574954,-0.2369727193908677,0.015436846713166804,0.0932379204298594
1507,38,330,292.2609771757026,3909.816818957042,408.9986108563161,3996.755525049388,54.0,0.08630086574955662,-0.703058643370448,0.08584600429574954,-0.702121360789788,0.015436846713166804,0.18924620330293904
1508,66,330,493.8518825171933,3956.000689079267,408.9986108563161,3996.755525049388,54.0,0.08630086574955662,-0.3445745578413992,0.08584600429574954,-0.34359437320223574,0.015436846713166804,0.12257691808666131
1509,60,330,462.2337953932308,4065.780960132662,408.9986108563161,3996.755525049388,54.0,0.08630086574955662,-0.2499144775269781,0.08584600429574954,-0.24637896507518853,0.015436846713166804,0.09489423508490119
1510,41,330,461.8106926932424,4070.996636995212,408.9986108563161,3996.755525049388,54.0,0.08630086574955662,-0.26676690825669996,0.08584600429574954,-0.2633770494641432,0.015436846713166804,0.0989657250884041
1511,63,330,316.49031405012005,3929.154743051912,408.9986108563161,3996.755525049388,54.0,0.08630086574955662,-0.6241613595803904,0.08584600429574954,-0.6240544458727512,0.015436846713166804,0.15503785609717685
1512,44,330,482.2902751987267,4093.226876078621,408.9986108563161,3996.755525049388,54.0,0.08630086574955662,-0.42391469228231715,0.08584600429574954,-0.41937724002586196,0.015436846713166804,0.13023164699134737
1513,47,330,497.40279712570856,4039.075701869608,408.9986108563161,3996.755525049388,54.0,0.08630086574955662,-0.2712841803277116,0.08584600429574954,-0.26787640231726684,0.015436846713166804,0.11092012982990125
1514,27,331,413.6607163277177,4126.933692479007,422.862128182699,4025.3424938357566,54.0,0.08630086574955662,-0.39270049043506083,0.08584600429574954,-0.39195841678048976,0.015436846713166804,0.11295803084468492
1515,39,331,491.6009153175041,3965.873607703836,422.862128182699,4025.3424938357566,54.0,0.08630086574955662,-0.22586976439594028,0.08584600429574954,-0.2233641797200395,0.015436846713166804,0.10314495260938208
1516,61,331,463.203498736656,4062.892527800171,422.862128182699,4025.3424938357566,54.0,0.08630086574955662,-0.14341883966674823,0.08584600429574954,-0.14012396162538926,0.015436846713166804,0.055410763685971615
1517,22,331,282.91308227706304,4129.966613278081,422.862128182699,4025.3424938357566,54.0,0.08630086574955662,-0.46491310091904314,0.08584600429574954,-0.45782614707775354,0.015436846713166804,0.19788838959580038
1518,60,331,462.2337953932308,4065.780960132662,422.862128182699,4025.3424938357566,54.0,0.08630086574955662,-0.1510966298438059,0.08584600429574954,-0.1480069468115821,0.015436846713166804,0.05702238724708977
1519,62,331,438.3970135664206,3912.290557700556,422.862128182699,4025.3424938357566,54.0,0.08630086574955662,-0.44825252436204494,0.08584600429574954,-0.4435784128546323,0.015436846713166804,0.15622064995332496
1520,66,331,493.8518825171933,3956.000689079267,422.862128182699,4025.3424938357566,54.0,0.08630086574955662,-0.2644084077797046,0.08584600429574954,-0.26271322151826926,0.015436846713166804,0.11676046391450295
1521,48,331,542.8497150079456,3957.433060143872,422.862128182699,4025.3424938357566,54.0,0.08630086574955662,-0.3772224464721772,0.08584600429574954,-0.37081956323997395,0.015436846713166804,0.1684072052757205
1522,36,331,587.79522063936,3965.30735379632,422.862128182699,4025.3424938357566,54.0,0.08630086574955662,-0.6047167787712004,0.08584600429574954,-0.5967022782920899,0.015436846713166804,0.22982507812841932
1523,65,331,465.43944178630807,4063.6597216274654,422.862128182699,4025.3424938357566,54.0,0.08630086574955662,-0.15014891888183823,0.08584600429574954,-0.14676658469114892,0.015436846713166804,0.05713197372120404
1524,38,331,292.2609771757026,3909.816818957042,422.862128182699,4025.3424938357566,54.0,0.08630086574955662,-0.794318501255669,0.08584600429574954,-0.7933738018084247,0.015436846713166804,0.22401106035274732
1525,47,331,497.40279712570856,4039.075701869608,422.862128182699,4025.3424938357566,54.0,0.08630086574955662,-0.1783656007252246,0.08584600429574954,-0.1755272575815825,0.015436846713166804,0.07855507669781991
1526,41,331,461.8106926932424,4070.996636995212,422.862128182699,4025.3424938357566,54.0,0.08630086574955662,-0.16690930002461846,0.08584600429574954,-0.16404296774446936,0.015436846713166804,0.06067874414142295
1527,19,331,309.4846467710166,4112.556925703692,422.862128182699,4025.3424938357566,54.0,0.08630086574955662,-0.4192428438925202,0.08584600429574954,-0.4154350965301289,0.015436846713166804,0.16985861005940744
1528,63,331,316.49031405012005,3929.154743051912,422.862128182699,4025.3424938357566,54.0,0.08630086574955662,-0.7109559075911104,0.08584600429574954,-0.7103605202554447,0.015436846713166804,0.19001201967149564
1529,44,331,481.57977240354745,4093.89399297542,422.862128182699,4025.3424938357566,54.0,0.08630086574955662,-0.3188760832881906,0.08584600429574954,-0.31502550046422506,0.015436846713166804,0.09179473494161541
1530,31,331,286.22286085268047,4096.016113555928,422.862128182699,4025.3424938357566,54.0,0.08630086574955662,-0.4433721014373474,0.08584600429574954,-0.4369922382214104,0.015436846713166804,0.17586761247978178
1531,54,331,562.1256537151418,3993.041990758743,422.862128182699,4025.3424938357566,54.0,0.08630086574955662,-0.4702781868821936,0.08584600429574954,-0.4648059532495669,0.015436846713166804,0.17931904467467183
1532,43,332,630.0947010611478,4141.259609929846,439.19746758037405,4076.996335961541,54.0,0.08630086574955662,-0.9632278709114416,0.08584600429574954,-0.960107572432381,0.015436846713166804,0.26477531627533113
1533,47,332,497.40279712570856,4039.075701869608,439.19746758037405,4076.996335961541,54.0,0.08630086574955662,-0.28170363257948866,0.08584600429574954,-0.2805151625717199,0.015436846713166804,0.07662733059313287
1534,39,332,491.6009153175041,3965.873607703836,439.19746758037405,4076.996335961541,54.0,0.08630086574955662,-0.273209667382009,0.08584600429574954,-0.2676255550910072,0.015436846713166804,0.12432876462059263
1535,27,332,413.6607163277177,4126.933692479007,439.19746758037405,4076.996335961541,54.0,0.08630086574955662,-0.23188329356386764,0.08584600429574954,-0.23173733964441467,0.015436846713166804,0.06015827497881078
1536,41,332,461.8106926932424,4070.996636995212,439.19746758037405,4076.996335961541,54.0,0.08630086574955662,-0.0928750413739945,0.08584600429574954,-0.09283755758316825,0.015436846713166804,0.024682068897807656
1537,19,332,324.8153272931308,4135.979057138678,439.19746758037405,4076.996335961541,54.0,0.08630086574955662,-0.5364482930122536,0.08584600429574954,-0.5369996514437124,0.015436846713166804,0.1489763960872167
1538,16,332,510.22088537403255,4246.5421852479,439.19746758037405,4076.996335961541,54.0,0.08630086574955662,-0.3618405182920672,0.08584600429574954,-0.35088655673554325,0.015436846713166804,0.15228391459366536
1539,60,332,462.2337953932308,4065.780960132662,439.19746758037405,4076.996335961541,54.0,0.08630086574955662,-0.10360949998328456,0.08584600429574954,-0.10342585073204477,0.015436846713166804,0.027902707853406372
1540,45,332,517.3116391169647,4113.7490927459785,439.19746758037405,4076.996335961541,54.0,0.08630086574955662,-0.4027848988933519,0.08584600429574954,-0.4004581971694743,0.015436846713166804,0.09631462102143325
1541,23,332,485.3312407692456,4298.036308618457,439.19746758037405,4076.996335961541,54.0,0.08630086574955662,-0.39337386547400444,0.08584600429574954,-0.37615690140051417,0.015436846713166804,0.18908507627650423
1542,22,332,301.6304881357929,4156.037775497009,439.19746758037405,4076.996335961541,54.0,0.08630086574955662,-0.6305039888241168,0.08584600429574954,-0.629876029951922,0.015436846713166804,0.18358737860806432
1543,31,332,286.22286085268047,4096.016113555928,439.19746758037405,4076.996335961541,54.0,0.08630086574955662,-0.6607233311882947,0.08584600429574954,-0.6600274144560884,0.015436846713166804,0.1812250315584778
1544,61,332,463.203498736656,4062.892527800171,439.19746758037405,4076.996335961541,54.0,0.08630086574955662,-0.11220857667613968,0.08584600429574954,-0.1119573865489583,0.015436846713166804,0.030207884254734065
1545,44,332,470.9318574712719,4102.798680980681,439.19746758037405,4076.996335961541,54.0,0.08630086574955662,-0.1430042765846891,0.08584600429574954,-0.14232012159498147,0.015436846713166804,0.03838540813379276
1546,66,332,493.8518825171933,3956.000689079267,439.19746758037405,4076.996335961541,54.0,0.08630086574955662,-0.3029236648697656,0.08584600429574954,-0.29747047685580164,0.015436846713166804,0.13759512805404445
1547,65,332,465.43944178630807,4063.6597216274654,439.19746758037405,4076.996335961541,54.0,0.08630086574955662,-0.11629205507902517,0.08584600429574954,-0.11600302145605072,0.015436846713166804,0.031036060080014104
1548,22,333,301.6304881357929,4156.037775497009,462.0840432753972,4072.271140968799,54.0,0.08630086574955662,-0.7235895553275299,0.08584600429574954,-0.7227852960514161,0.015436846713166804,0.205656984448712
1549,43,333,630.0947010611478,4141.259609929846,462.0840432753972,4072.271140968799,54.0,0.08630086574955662,-0.9360495816234756,0.08584600429574954,-0.9342395778448696,0.015436846713166804,0.2528246469610253
1550,23,333,485.3312407692456,4298.036308618457,462.0840432753972,4072.271140968799,54.0,0.08630086574955662,-0.3848838241503323,0.08584600429574954,-0.36702122322821806,0.015436846713166804,0.1800845047813651
1551,47,333,497.40279712570856,4039.075701869608,462.0840432753972,4072.271140968799,54.0,0.08630086574955662,-0.22415303448604845,0.08584600429574954,-0.22276821049474077,0.015436846713166804,0.05707566499311276
1552,66,333,493.8518825171933,3956.000689079267,462.0840432753972,4072.271140968799,54.0,0.08630086574955662,-0.2898042315619693,0.08584600429574954,-0.2864776119850892,0.015436846713166804,0.12524616568445351
1553,45,333,517.3116391169647,4113.7490927459785,462.0840432753972,4072.271140968799,54.0,0.08630086574955662,-0.4230436616234726,0.08584600429574954,-0.42079684938013356,0.015436846713166804,0.08313352628301714
1554,27,333,413.6607163277177,4126.933692479007,462.0840432753972,4072.271140968799,54.0,0.08630086574955662,-0.2666019366320469,0.08584600429574954,-0.2651027793621914,0.015436846713166804,0.07511018877294363
1555,16,333,510.22088537403255,4246.5421852479,462.0840432753972,4072.271140968799,54.0,0.08630086574955662,-0.4260719149593619,0.08584600429574954,-0.4145845205700567,0.015436846713166804,0.16235776718381603
1556,19,333,324.8153272931308,4135.979057138678,462.0840432753972,4072.271140968799,54.0,0.08630086574955662,-0.6253385551906966,0.08584600429574954,-0.6258894322010161,0.015436846713166804,0.1716692153722579
1557,39,333,491.6009153175041,3965.873607703836,462.0840432753972,4072.271140968799,54.0,0.08630086574955662,-0.26238233752815127,0.08584600429574954,-0.2590053895922786,0.015436846713166804,0.11238090222581286
1558,52,333,577.7231586056545,4060.836546501464,462.0840432753972,4072.271140968799,54.0,0.08630086574955662,-0.6049419261034724,0.08584600429574954,-0.6026380906468294,0.015436846713166804,0.1691876688760218
1559,60,333,462.2337953932308,4065.780960132662,462.0840432753972,4072.271140968799,54.0,0.08630086574955662,-0.04357356606145707,0.08584600429574954,-0.04327252134313616,0.015436846713166804,0.010850656896583754
1560,65,333,465.43944178630807,4063.6597216274654,462.0840432753972,4072.271140968799,54.0,0.08630086574955662,-0.04569137389129733,0.08584600429574954,-0.04537569748410586,0.015436846713166804,0.011378031821603303
1561,41,333,461.8106926932424,4070.996636995212,462.0840432753972,4072.271140968799,54.0,0.08630086574955662,-0.02246411810960166,0.08584600429574954,-0.02230891612087541,0.015436846713166804,0.005593997924058602
1562,61,333,463.203498736656,4062.892527800171,462.0840432753972,4072.271140968799,54.0,0.08630086574955662,-0.052758496820544766,0.08584600429574954,-0.05239399448002083,0.015436846713166804,0.013137881498425454
1563,44,333,480.9578626210374,4094.339103296416,462.0840432753972,4072.271140968799,54.0,0.08630086574955662,-0.1444255903435181,0.08584600429574954,-0.14345910031869435,0.015436846713166804,0.029887133851965016
1564,35,333,583.2192292927565,4207.570440686977,462.0840432753972,4072.271140968799,54.0,0.08630086574955662,-0.7518382157727058,0.08584600429574954,-0.7499516498468674,0.015436846713166804,0.2168406355927078
1565,23,334,485.3312407692456,4298.036308618457,459.6569034973903,4060.82300260624,54.0,0.08630086574955662,-0.4268381599312612,0.08584600429574954,-0.40833435419714004,0.015436846713166804,0.19052482134425583
1566,41,334,461.8106926932424,4070.996636995212,459.6569034973903,4060.82300260624,54.0,0.08630086574955662,-0.047384439717164994,0.08584600429574954,-0.04705706611438645,0.015436846713166804,0.01179963780982815
1567,27,334,413.6607163277177,4126.933692479007,459.6569034973903,4060.82300260624,54.0,0.08630086574955662,-0.3096434026467918,0.08584600429574954,-0.30896850862465364,0.015436846713166804,0.08426828005225744
1568,45,334,517.3116391169647,4113.7490927459785,459.6569034973903,4060.82300260624,54.0,0.08630086574955662,-0.4827936719536885,0.08584600429574954,-0.4805878230607673,0.015436846713166804,0.09451021373124971
1569,39,334,491.6009153175041,3965.873607703836,459.6569034973903,4060.82300260624,54.0,0.08630086574955662,-0.2116844596111241,0.08584600429574954,-0.2075087086934872,0.015436846713166804,0.10118376241249144
1570,19,334,324.8153272931308,4135.979057138678,459.6569034973903,4060.82300260624,54.0,0.08630086574955662,-0.6301939854503105,0.08584600429574954,-0.6301893600709565,0.015436846713166804,0.17584580599647234
1571,44,334,482.2902751987267,4093.226876078621,459.6569034973903,4060.82300260624,54.0,0.08630086574955662,-0.19970251730843724,0.08584600429574954,-0.19850357500918786,0.015436846713166804,0.041517436532909
1572,65,334,465.43944178630807,4063.6597216274654,459.6569034973903,4060.82300260624,54.0,0.08630086574955662,-0.037004170765706064,0.08584600429574954,-0.03674851323817782,0.015436846713166804,0.009214750983542633
1573,60,334,462.2337953932308,4065.780960132662,459.6569034973903,4060.82300260624,54.0,0.08630086574955662,-0.041473243675995634,0.08584600429574954,-0.0411867098416364,0.015436846713166804,0.010327636183871992
1574,16,334,510.22088537403255,4246.5421852479,459.6569034973903,4060.82300260624,54.0,0.08630086574955662,-0.47753514811699244,0.08584600429574954,-0.4658050648562893,0.015436846713166804,0.17513810897900708
1575,61,334,463.203498736656,4062.892527800171,459.6569034973903,4060.82300260624,54.0,0.08630086574955662,-0.04000398991613565,0.08584600429574954,-0.03972760698573629,0.015436846713166804,0.009961763709267298
1576,66,334,493.8518825171933,3956.000689079267,459.6569034973903,4060.82300260624,54.0,0.08630086574955662,-0.23963968565598032,0.08584600429574954,-0.2353678314178013,0.015436846713166804,0.11411532014435778
1577,47,334,497.40279712570856,4039.075701869608,459.6569034973903,4060.82300260624,54.0,0.08630086574955662,-0.17894879937057886,0.08584600429574954,-0.17800636381859944,0.015436846713166804,0.05001833385510611
1578,19,335,316.4731036835704,4123.280697965635,437.47285354914527,4045.91348934747,54.0,0.08630086574955662,-0.5011136443610583,0.08584600429574954,-0.49973389289817627,0.015436846713166804,0.1686755378117239
1579,22,335,293.9352802547916,4145.232714506679,437.47285354914527,4045.91348934747,54.0,0.08630086574955662,-0.5814936381461475,0.08584600429574954,-0.5781710978361652,0.015436846713166804,0.20462781794797544
1580,23,335,485.3312407692456,4298.036308618457,437.47285354914527,4045.91348934747,54.0,0.08630086574955662,-0.46919196652870804,0.08584600429574954,-0.4510856264776091,0.015436846713166804,0.21419148720522957
1581,39,335,491.6009153175041,3965.873607703836,437.47285354914527,4045.91348934747,54.0,0.08630086574955662,-0.17948070982435713,0.08584600429574954,-0.1723267625085076,0.015436846713166804,0.09848711565227881
1582,27,335,413.6607163277177,4126.933692479007,437.47285354914527,4045.91348934747,54.0,0.08630086574955662,-0.34304345399193403,0.08584600429574954,-0.3423470834747089,0.015436846713166804,0.09036284254899543
1583,65,335,465.43944178630807,4063.6597216274654,437.47285354914527,4045.91348934747,54.0,0.08630086574955662,-0.11413202509671029,0.08584600429574954,-0.11299121017407884,0.015436846713166804,0.03414661762072266
1584,41,335,461.8106926932424,4070.996636995212,437.47285354914527,4045.91348934747,54.0,0.08630086574955662,-0.12262461278336804,0.08584600429574954,-0.12172051952555915,0.015436846713166804,0.036194388366554794
1585,61,335,463.203498736656,4062.892527800171,437.47285354914527,4045.91348934747,54.0,0.08630086574955662,-0.10730211633038633,0.08584600429574954,-0.10622796895724762,0.015436846713166804,0.03253529533134777
1586,31,335,286.22286085268047,4096.016113555928,437.47285354914527,4045.91348934747,54.0,0.08630086574955662,-0.46669498728099956,0.08584600429574954,-0.4611165206605555,0.015436846713166804,0.1815748152177106
1587,43,335,630.0947010611478,4141.259609929846,437.47285354914527,4045.91348934747,54.0,0.08630086574955662,-1.0476103246149013,0.08584600429574954,-1.045115326112699,0.015436846713166804,0.2906302499612521
1588,47,335,497.40279712570856,4039.075701869608,437.47285354914527,4045.91348934747,54.0,0.08630086574955662,-0.149155612558747,0.08584600429574954,-0.14736318502516377,0.015436846713166804,0.06336365304410543
1589,45,335,517.3116391169647,4113.7490927459785,437.47285354914527,4045.91348934747,54.0,0.08630086574955662,-0.555736841535807,0.08584600429574954,-0.5526689427651762,0.015436846713166804,0.11963855601944787
1590,44,335,479.7147702266481,4095.4513296994464,437.47285354914527,4045.91348934747,54.0,0.08630086574955662,-0.2631844910845745,0.08584600429574954,-0.2613360914036969,0.015436846713166804,0.06635055196375404
1591,66,335,493.8518825171933,3956.000689079267,437.47285354914527,4045.91348934747,54.0,0.08630086574955662,-0.2132317034124212,0.08584600429574954,-0.20641988678222864,0.015436846713166804,0.11209581058734584
1592,60,335,462.2337953932308,4065.780960132662,437.47285354914527,4045.91348934747,54.0,0.08630086574955662,-0.11164525407227423,0.08584600429574954,-0.11066889734026641,0.015436846713166804,0.03348893359955746
1593,36,336,587.79522063936,3965.30735379632,446.14924890749785,4055.162025087259,54.0,0.08630086574955662,-0.6742467835719844,0.08584600429574954,-0.6712047650200437,0.015436846713166804,0.226864557065309
1594,19,336,323.2602997559864,4133.680635959454,446.14924890749785,4055.162025087259,54.0,0.08630086574955662,-0.5705545020734064,0.08584600429574954,-0.5702354088289555,0.015436846713166804,0.1688610640781607
1595,45,336,517.3116391169647,4113.7490927459785,446.14924890749785,4055.162025087259,54.0,0.08630086574955662,-0.5216409673571186,0.08584600429574954,-0.5190593439806287,0.015436846713166804,0.10682664226742652
1596,39,336,491.6009153175041,3965.873607703836,446.14924890749785,4055.162025087259,54.0,0.08630086574955662,-0.18922715327693226,0.08584600429574954,-0.18328554627437926,0.015436846713166804,0.10054106641649922
1597,44,336,480.15858294610064,4095.0065417419455,446.14924890749785,4055.162025087259,54.0,0.08630086574955662,-0.23124837765179773,0.08584600429574954,-0.22980661006574848,0.015436846713166804,0.053442069097069014
1598,61,336,463.203498736656,4062.892527800171,446.14924890749785,4055.162025087259,54.0,0.08630086574955662,-0.08145861215685078,0.08584600429574954,-0.08103278495838509,0.015436846713166804,0.021233194496742148
1599,41,336,461.8106926932424,4070.996636995212,446.14924890749785,4055.162025087259,54.0,0.08630086574955662,-0.08960496320801978,0.08584600429574954,-0.08915040771248761,0.015436846713166804,0.023452598949354097
1600,23,336,485.3312407692456,4298.036308618457,446.14924890749785,4055.162025087259,54.0,0.08630086574955662,-0.42445607563188864,0.08584600429574954,-0.404642244198272,0.015436846713166804,0.19671016482634934
1601,27,336,413.6607163277177,4126.933692479007,446.14924890749785,4055.162025087259,54.0,0.08630086574955662,-0.31917140016528517,0.08584600429574954,-0.3192801392322902,0.015436846713166804,0.08462529413470497
1602,43,336,630.0947010611478,4141.259609929846,446.14924890749785,4055.162025087259,54.0,0.08630086574955662,-1.0239587600905926,0.08584600429574954,-1.0221708095554525,0.015436846713166804,0.2776457417238021
1603,60,336,462.2337953932308,4065.780960132662,446.14924890749785,4055.162025087259,54.0,0.08630086574955662,-0.08259666544510426,0.08584600429574954,-0.08217354030307822,0.015436846713166804,0.021589750720033735
1604,31,336,286.22286085268047,4096.016113555928,446.14924890749785,4055.162025087259,54.0,0.08630086574955662,-0.5617802838562974,0.08584600429574954,-0.5585784140402442,0.015436846713166804,0.19308820459621207
1605,47,336,497.40279712570856,4039.075701869608,446.14924890749785,4055.162025087259,54.0,0.08630086574955662,-0.1778942184247061,0.08584600429574954,-0.17704386800693683,0.015436846713166804,0.05850173129976524
1606,16,336,510.22088537403255,4246.5421852479,446.14924890749785,4055.162025087259,54.0,0.08630086574955662,-0.4673084972117002,0.08584600429574954,-0.45514880019562315,0.015436846713166804,0.17621703847020528
1607,66,336,493.8518825171933,3956.000689079267,446.14924890749785,4055.162025087259,54.0,0.08630086574955662,-0.22161104541548424,0.08584600429574954,-0.21592903880029507,0.015436846713166804,0.1140844003557625
1608,48,336,542.8497150079456,3957.433060143872,446.14924890749785,4055.162025087259,54.0,0.08630086574955662,-0.4212647800158249,0.08584600429574954,-0.4183357763872072,0.015436846713166804,0.16873419827678648
1609,22,336,301.17269173322853,4155.382547068784,446.14924890749785,4055.162025087259,54.0,0.08630086574955662,-0.6587782821468356,0.08584600429574954,-0.6568136556415257,0.015436846713166804,0.20310680477741666
1610,41,337,461.8106926932424,4070.996636995212,438.2395063544679,3993.749322917003,54.0,0.08630086574955662,-0.22374176751620373,0.08584600429574954,-0.2210371199913268,0.015436846713166804,0.08532570441508082
1611,61,337,463.203498736656,4062.892527800171,438.2395063544679,3993.749322917003,54.0,0.08630086574955662,-0.19461835647165704,0.08584600429574954,-0.19252141535322348,0.015436846713166804,0.07841717192687521
1612,65,337,465.43944178630807,4063.6597216274654,438.2395063544679,3993.749322917003,54.0,0.08630086574955662,-0.19821943882465684,0.08584600429574954,-0.19608182116040335,0.015436846713166804,0.07948350390073773
1613,39,337,491.6009153175041,3965.873607703836,438.2395063544679,3993.749322917003,54.0,0.08630086574955662,-0.17483966397859646,0.08584600429574954,-0.17340836289978723,0.015436846713166804,0.07181458491975065
1614,36,337,587.79522063936,3965.30735379632,438.2395063544679,3993.749322917003,54.0,0.08630086574955662,-0.5457942415181238,0.08584600429574954,-0.5395329774403679,0.015436846713166804,0.20469162523099277
1615,19,337,309.4846467710166,4112.556925703692,438.2395063544679,3993.749322917003,54.0,0.08630086574955662,-0.4811189520705113,0.08584600429574954,-0.47384111409572,0.015436846713166804,0.20575466766353834
1616,44,337,482.2902751987267,4093.226876078621,438.2395063544679,3993.749322917003,54.0,0.08630086574955662,-0.38670643164718443,0.08584600429574954,-0.3832378604765703,0.015436846713166804,0.11574092837968991
1617,62,337,438.3970135664206,3912.290557700556,438.2395063544679,3993.749322917003,54.0,0.08630086574955662,-0.3513593876020207,0.08584600429574954,-0.34742350070779504,0.015436846713166804,0.11773774352940508
1618,63,337,316.49031405012005,3929.154743051912,438.2395063544679,3993.749322917003,54.0,0.08630086574955662,-0.6962901830019914,0.08584600429574954,-0.6963660572253766,0.015436846713166804,0.18525088520704233
1619,66,337,493.8518825171933,3956.000689079267,438.2395063544679,3993.749322917003,54.0,0.08630086574955662,-0.20914485161075075,0.08584600429574954,-0.2080647327327319,0.015436846713166804,0.0844116300356843
1620,27,337,413.6607163277177,4126.933692479007,438.2395063544679,3993.749322917003,54.0,0.08630086574955662,-0.45642745394801565,0.08584600429574954,-0.4521646947031313,0.015436846713166804,0.14556833294605312
1621,31,337,286.22286085268047,4096.016113555928,438.2395063544679,3993.749322917003,54.0,0.08630086574955662,-0.5505555527695328,0.08584600429574954,-0.5416576095111428,0.015436846713166804,0.21326289635839163
1622,22,337,282.91308227706304,4129.966613278081,438.2395063544679,3993.749322917003,54.0,0.08630086574955662,-0.5248654907435676,0.08584600429574954,-0.5141532565394447,0.015436846713166804,0.23187391631506807
1623,47,337,497.40279712570856,4039.075701869608,438.2395063544679,3993.749322917003,54.0,0.08630086574955662,-0.18888416906749156,0.08584600429574954,-0.184015184206727,0.015436846713166804,0.08169004107504005
1624,60,337,462.2337953932308,4065.780960132662,438.2395063544679,3993.749322917003,54.0,0.08630086574955662,-0.20466793698845787,0.08584600429574954,-0.20231288599543445,0.015436846713166804,0.08077225877680554
1625,48,337,542.8497150079456,3957.433060143872,438.2395063544679,3993.749322917003,54.0,0.08630086574955662,-0.34222226463711974,0.08584600429574954,-0.339112157872163,0.015436846713166804,0.1441421233930688
1626,38,337,292.2609771757026,3909.816818957042,438.2395063544679,3993.749322917003,54.0,0.08630086574955662,-0.7643742902046075,0.08584600429574954,-0.7630423531151325,0.015436846713166804,0.21981841459988685
1627,27,338,413.6607163277177,4126.933692479007,465.8911725966613,4024.289872350432,54.0,0.08630086574955662,-0.39349191475847123,0.08584600429574954,-0.3927685488326517,0.015436846713166804,0.11941427602127155
1628,39,338,491.6009153175041,3965.873607703836,465.8911725966613,4024.289872350432,54.0,0.08630086574955662,-0.11416381392688042,0.08584600429574954,-0.10940380995406003,0.015436846713166804,0.06532620869320307
1629,22,338,292.6522645112431,4143.487981217626,465.8911725966613,4024.289872350432,54.0,0.08630086574955662,-0.6277729889901085,0.08584600429574954,-0.6219870498800875,0.015436846713166804,0.23843430791462186
1630,48,338,542.8497150079456,3957.433060143872,465.8911725966613,4024.289872350432,54.0,0.08630086574955662,-0.32257863390608377,0.08584600429574954,-0.31859274841988,0.015436846713166804,0.13220107352890537
1631,61,338,463.203498736656,4062.892527800171,465.8911725966613,4024.289872350432,54.0,0.08630086574955662,-0.10209653783635705,0.08584600429574954,-0.1011762606008825,0.015436846713166804,0.03863686833807875
1632,44,338,482.2902751987267,4093.226876078621,465.8911725966613,4024.289872350432,54.0,0.08630086574955662,-0.3150455274936985,0.08584600429574954,-0.31301600619744596,0.015436846713166804,0.07701375661817123
1633,19,338,314.6351701083189,4120.434780517973,465.8911725966613,4024.289872350432,54.0,0.08630086574955662,-0.5351307301044449,0.08584600429574954,-0.5308517676796076,0.015436846713166804,0.20247615793848683
1634,65,338,465.43944178630807,4063.6597216274654,465.8911725966613,4024.289872350432,54.0,0.08630086574955662,-0.1036962160365245,0.08584600429574954,-0.10276813881181616,0.015436846713166804,0.03883527742673565
1635,31,338,286.22286085268047,4096.016113555928,465.8911725966613,4024.289872350432,54.0,0.08630086574955662,-0.5332186471171924,0.08584600429574954,-0.5263250444413885,0.015436846713166804,0.21654391555786898
1636,41,338,461.8106926932424,4070.996636995212,465.8911725966613,4024.289872350432,54.0,0.08630086574955662,-0.1333526794417596,0.08584600429574954,-0.13222036845099183,0.015436846713166804,0.046179772148283144
1637,45,338,517.3116391169647,4113.7490927459785,465.8911725966613,4024.289872350432,54.0,0.08630086574955662,-0.5507733817686603,0.08584600429574954,-0.5484066336569109,0.015436846713166804,0.12947618301505504
1638,66,338,493.8518825171933,3956.000689079267,465.8911725966613,4024.289872350432,54.0,0.08630086574955662,-0.1425567052603396,0.08584600429574954,-0.13770107779428187,0.015436846713166804,0.07844224768901484
1639,23,338,485.3312407692456,4298.036308618457,465.8911725966613,4024.289872350432,54.0,0.08630086574955662,-0.5655135009597755,0.08584600429574954,-0.5478967896230423,0.015436846713166804,0.24443724046522755
1640,54,338,562.1256537151418,3993.041990758743,465.8911725966613,4024.289872350432,54.0,0.08630086574955662,-0.38331361432430583,0.08584600429574954,-0.38063353530926153,0.015436846713166804,0.13511802556858965
1641,36,338,587.79522063936,3965.30735379632,465.8911725966613,4024.289872350432,54.0,0.08630086574955662,-0.5381880645871485,0.08584600429574954,-0.5338486991244004,0.015436846713166804,0.1891022919117893
1642,60,338,462.2337953932308,4065.780960132662,465.8911725966613,4024.289872350432,54.0,0.08630086574955662,-0.11366052320766808,0.08584600429574954,-0.11266121286023392,0.015436846713166804,0.04146357926077075
1643,43,338,630.0947010611478,4141.259609929846,465.8911725966613,4024.289872350432,54.0,0.08630086574955662,-0.8983189005182431,0.08584600429574954,-0.8960054640019487,0.015436846713166804,0.28935477008565835
1644,47,338,497.40279712570856,4039.075701869608,465.8911725966613,4024.289872350432,54.0,0.08630086574955662,-0.11076993410044438,0.08584600429574954,-0.11012525225365334,0.015436846713166804,0.0404323910568348
1645,47,339,497.40279712570856,4039.075701869608,418.14174019683327,4008.0356973029234,54.0,0.08630086574955662,-0.22186022010450734,0.08584600429574954,-0.2191175996834709,0.015436846713166804,0.0945965891712009
1646,60,339,462.2337953932308,4065.780960132662,418.14174019683327,4008.0356973029234,54.0,0.08630086574955662,-0.19611339126647034,0.08584600429574954,-0.19256071325503724,0.015436846713166804,0.0765121292372485
1647,39,339,491.6009153175041,3965.873607703836,418.14174019683327,4008.0356973029234,54.0,0.08630086574955662,-0.24675752600081802,0.08584600429574954,-0.24447085527243828,0.015436846713166804,0.10048267058261434
1648,44,339,482.2902751987267,4093.226876078621,418.14174019683327,4008.0356973029234,54.0,0.08630086574955662,-0.37019306815607256,0.08584600429574954,-0.3656150052686534,0.015436846713166804,0.11177057148393753
1649,31,339,286.22286085268047,4096.016113555928,418.14174019683327,4008.0356973029234,54.0,0.08630086574955662,-0.4688418287494001,0.08584600429574954,-0.4608208199105162,0.015436846713166804,0.18304721391114726
1650,41,339,461.8106926932424,4070.996636995212,418.14174019683327,4008.0356973029234,54.0,0.08630086574955662,-0.2127618288334755,0.08584600429574954,-0.20932520048912517,0.015436846713166804,0.08052134172504266
1651,61,339,463.203498736656,4062.892527800171,418.14174019683327,4008.0356973029234,54.0,0.08630086574955662,-0.18664297606408567,0.08584600429574954,-0.18332893113256526,0.015436846713166804,0.0748629022672257
1652,65,339,465.43944178630807,4063.6597216274654,418.14174019683327,4008.0356973029234,54.0,0.08630086574955662,-0.19262246964721316,0.08584600429574954,-0.1893542095032867,0.015436846713166804,0.07659232845025546
1653,66,339,493.8518825171933,3956.000689079267,418.14174019683327,4008.0356973029234,54.0,0.08630086574955662,-0.285746428545714,0.08584600429574954,-0.2837815087861993,0.015436846713166804,0.11365760719432204
1654,44,340,482.2902751987267,4093.226876078621,475.8206463571328,3964.9488424231126,54.0,0.08630086574955662,-0.4896182024893957,0.08584600429574954,-0.4855183283281922,0.015436846713166804,0.14534964526574343
1655,60,340,462.2337953932308,4065.780960132662,475.8206463571328,3964.9488424231126,54.0,0.08630086574955662,-0.24778661129597787,0.08584600429574954,-0.2433724558170475,0.015436846713166804,0.10641684324287184
1656,66,340,493.8518825171933,3956.000689079267,475.8206463571328,3964.9488424231126,54.0,0.08630086574955662,-0.06820405012526104,0.08584600429574954,-0.06836264521009378,0.015436846713166804,0.031013716153580187
1657,41,340,461.8106926932424,4070.996636995212,475.8206463571328,3964.9488424231126,54.0,0.08630086574955662,-0.26830280532702433,0.08584600429574954,-0.2637515654914067,0.015436846713166804,0.11141865802418809
1658,62,340,438.3970135664206,3912.290557700556,475.8206463571328,3964.9488424231126,54.0,0.08630086574955662,-0.2972919631099731,0.08584600429574954,-0.2967216512072882,0.015436846713166804,0.103883416714748
1659,39,340,491.6009153175041,3965.873607703836,475.8206463571328,3964.9488424231126,54.0,0.08630086574955662,-0.05069821462656833,0.08584600429574954,-0.05081610333896594,0.015436846713166804,0.02305347021231109
1660,48,340,542.8497150079456,3957.433060143872,475.8206463571328,3964.9488424231126,54.0,0.08630086574955662,-0.240191892323492,0.08584600429574954,-0.2400920327532414,0.015436846713166804,0.10077131071749111
1661,47,340,497.40279712570856,4039.075701869608,475.8206463571328,3964.9488424231126,54.0,0.08630086574955662,-0.1752935351249206,0.08584600429574954,-0.17285089207151375,0.015436846713166804,0.0830523180333895
1662,61,340,463.203498736656,4062.892527800171,475.8206463571328,3964.9488424231126,54.0,0.08630086574955662,-0.23560334665042681,0.08584600429574954,-0.2312682321066045,0.015436846713166804,0.10339856160125682
1663,54,340,562.1256537151418,3993.041990758743,475.8206463571328,3964.9488424231126,54.0,0.08630086574955662,-0.38537710533268466,0.08584600429574954,-0.3833779751283741,0.015436846713166804,0.12921180087240317
1664,36,340,587.79522063936,3965.30735379632,475.8206463571328,3964.9488424231126,54.0,0.08630086574955662,-0.4260920253147907,0.08584600429574954,-0.4249079359502026,0.015436846713166804,0.16916825886901
1665,65,340,465.43944178630807,4063.6597216274654,475.8206463571328,3964.9488424231126,54.0,0.08630086574955662,-0.23604120327441946,0.08584600429574954,-0.23168707606840522,0.015436846713166804,0.10341964003644069
1666,9,341,9.936533141897351,4088.226647492491,161.96578384564387,4157.2024176535,54.0,0.08630086574955662,-0.37243418998017663,0.08584600429574954,-0.3545410718022057,0.015436846713166804,0.21028684279342835
1667,31,341,286.22286085268047,4096.016113555928,161.96578384564387,4157.2024176535,54.0,0.08630086574955662,-0.3574256735146322,0.08584600429574954,-0.34745328649367574,0.015436846713166804,0.16851534256926273
1668,9,342,9.936533141897351,4088.226647492491,137.73214120296976,4146.211392684601,54.0,0.08630086574955662,-0.3134234912339101,0.08584600429574954,-0.2983504405661469,0.015436846713166804,0.17660513129672714
1669,31,343,286.22286085268047,4096.016113555928,158.49410884129216,4136.006365328739,54.0,0.08630086574955662,-0.4183972045631153,0.08584600429574954,-0.411418412596811,0.015436846713166804,0.16634873822004292
1670,9,343,9.936533141897351,4088.226647492491,158.49410884129216,4136.006365328739,54.0,0.08630086574955662,-0.32949861910448297,0.08584600429574954,-0.3141060666652846,0.015436846713166804,0.18264729911085245
1671,28,343,181.0656949265822,4007.0767963031503,158.49410884129216,4136.006365328739,54.0,0.08630086574955662,-0.48189491942808566,0.08584600429574954,-0.48069695864840645,0.015436846713166804,0.1742961175461619
1672,6,344,202.24335058105044,4025.5497211369657,136.56558805196306,4128.332749792738,54.0,0.08630086574955662,-0.43290125377192445,0.08584600429574954,-0.43242512149188733,0.015436846713166804,0.16458084369576498
1673,9,344,9.936533141897351,4088.226647492491,136.56558805196306,4128.332749792738,54.0,0.08630086574955662,-0.2829511686935688,0.08584600429574954,-0.26962820943239707,0.015436846713166804,0.15604326621054926
1674,28,344,181.0656949265822,4007.0767963031503,136.56558805196306,4128.332749792738,54.0,0.08630086574955662,-0.4019406182393731,0.08584600429574954,-0.3958809604547645,0.015436846713166804,0.16617576147609642
1675,31,344,286.22286085268047,4096.016113555928,136.56558805196306,4128.332749792738,54.0,0.08630086574955662,-0.5181933181985351,0.08584600429574954,-0.5131372020783284,0.015436846713166804,0.19331254168594225
1676,28,345,181.0656949265822,4007.0767963031503,117.19421705345408,4121.351193952682,54.0,0.08630086574955662,-0.34488795479766354,0.08584600429574954,-0.3349676846879469,0.015436846713166804,0.15987630998399757
1677,9,345,9.936533141897351,4088.226647492491,117.19421705345408,4121.351193952682,54.0,0.08630086574955662,-0.2503604492933586,0.08584600429574954,-0.23932619805891056,0.015436846713166804,0.13530042725679475
1678,28,346,181.0656949265822,4007.0767963031503,109.91679785969896,4052.896427825765,54.0,0.08630086574955662,-0.26299654762783253,0.08584600429574954,-0.2586048425699926,0.015436846713166804,0.10624598785216376
1679,6,347,202.24335058105044,4025.5497211369657,105.52394893714752,4032.581984936505,54.0,0.08630086574955662,-0.29329846971896567,0.08584600429574954,-0.288275813697111,0.015436846713166804,0.1245492603251752
1680,28,347,181.0656949265822,4007.0767963031503,105.52394893714752,4032.581984936505,54.0,0.08630086574955662,-0.2598291033876408,0.08584600429574954,-0.25700563303170054,0.015436846713166804,0.10375332243475344
1681,9,347,9.936533141897351,4088.226647492491,105.52394893714752,4032.581984936505,54.0,0.08630086574955662,-0.3456784828471373,0.08584600429574954,-0.3417407070761057,0.015436846713166804,0.1510030199498954
1682,9,348,9.936533141897351,4088.226647492491,106.44842983383482,4012.84945915906,54.0,0.08630086574955662,-0.3739815020542463,0.08584600429574954,-0.36979265440258235,0.015436846713166804,0.16791291718080553
1683,21,349,128.25114367082156,4135.1822154504935,171.63451694131356,4159.78310361989,54.0,0.08630086574955662,-0.1053469433336258,0.08584600429574954,-0.10019290189727859,0.015436846713166804,0.059968432651096776
1684,22,349,267.77623279276514,4140.811810679348,171.63451694131356,4159.78310361989,54.0,0.08630086574955662,-0.23789054836491352,0.08584600429574954,-0.2280535474461626,0.015436846713166804,0.13046312207962368
1685,31,349,286.22286085268047,4096.016113555928,171.63451694131356,4159.78310361989,54.0,0.08630086574955662,-0.32551618972201846,0.08584600429574954,-0.31542076876291236,0.015436846713166804,0.1588466929404576
1686,9,349,9.936533141897351,4088.226647492491,171.63451694131356,4159.78310361989,54.0,0.08630086574955662,-0.39389414332685174,0.08584600429574954,-0.37472358097696357,0.015436846713166804,0.2219531283905817
1687,9,350,9.936533141897351,4088.226647492491,149.38437383192732,4142.655189530788,54.0,0.08630086574955662,-0.3249650904285096,0.08584600429574954,-0.3091682824863402,0.015436846713166804,0.1826414760942481
1688,22,351,267.77623279276514,4140.811810679348,167.22649373259551,4139.857029282407,54.0,0.08630086574955662,-0.2509406661822429,0.08584600429574954,-0.2445150452129411,0.015436846713166804,0.13222477835163313
1689,9,351,9.936533141897351,4088.226647492491,167.22649373259551,4139.857029282407,54.0,0.08630086574955662,-0.35287359613699837,0.08584600429574954,-0.3366557613152698,0.015436846713166804,0.19525613540051107
1690,64,351,251.14156651564912,4194.6094429104505,167.22649373259551,4139.857029282407,54.0,0.08630086574955662,-0.24756913616296716,0.08584600429574954,-0.23851706888937976,0.015436846713166804,0.1362968790865675
1691,28,351,181.0656949265822,4007.0767963031503,167.22649373259551,4139.857029282407,54.0,0.08630086574955662,-0.5176061634928142,0.08584600429574954,-0.5181116699989197,0.015436846713166804,0.1803287323023449
1692,31,351,286.22286085268047,4096.016113555928,167.22649373259551,4139.857029282407,54.0,0.08630086574955662,-0.37549920218676097,0.08584600429574954,-0.3681424394412956,0.015436846713166804,0.15557586562577924
1693,64,352,251.14156651564912,4194.6094429104505,119.82403039050632,4124.56931096989,54.0,0.08630086574955662,-0.34211484065913433,0.08584600429574954,-0.3279401850096711,0.015436846713166804,0.1929494871127678
1694,9,353,9.936533141897351,4088.226647492491,142.29614129157707,4127.163348327213,54.0,0.08630086574955662,-0.29682153268128075,0.08584600429574954,-0.2832177101111045,0.015436846713166804,0.162704113160772
1695,64,353,251.14156651564912,4194.6094429104505,142.29614129157707,4127.163348327213,54.0,0.08630086574955662,-0.3066755850361023,0.08584600429574954,-0.29517725471461526,0.015436846713166804,0.16932747705221632
1696,31,353,286.22286085268047,4096.016113555928,142.29614129157707,4127.163348327213,54.0,0.08630086574955662,-0.5072957827871456,0.08584600429574954,-0.5027617349763748,0.015436846713166804,0.18698347490029027
1697,28,353,181.0656949265822,4007.0767963031503,142.29614129157707,4127.163348327213,54.0,0.08630086574955662,-0.4210091421666728,0.08584600429574954,-0.41680419603351004,0.015436846713166804,0.16364414544939143
1698,9,354,9.936533141897351,4088.226647492491,128.30218247028407,4108.962098016365,54.0,0.08630086574955662,-0.3055034525815467,0.08584600429574954,-0.29662508263292825,0.015436846713166804,0.14787319918998276
1699,22,354,267.77623279276514,4140.811810679348,128.30218247028407,4108.962098016365,54.0,0.08630086574955662,-0.4210309117793147,0.08584600429574954,-0.4155872967831015,0.015436846713166804,0.19081295742393772
1700,19,354,298.45947748194794,4119.807970449649,128.30218247028407,4108.962098016365,54.0,0.08630086574955662,-0.4913789565630402,0.08584600429574954,-0.4839918181829765,0.015436846713166804,0.2018548550880593
1701,22,355,267.77623279276514,4140.811810679348,109.11821937100868,4049.9401200264047,54.0,0.08630086574955662,-0.6901110698023569,0.08584600429574954,-0.6860329111558001,0.015436846713166804,0.24625615806422002
1702,9,355,9.936533141897351,4088.226647492491,109.11821937100868,4049.9401200264047,54.0,0.08630086574955662,-0.37125912023504754,0.08584600429574954,-0.3674800867351223,0.015436846713166804,0.14458954789590672
1703,21,355,103.34699834515416,4117.964937310308,109.11821937100868,4049.9401200264047,54.0,0.08630086574955662,-0.1835966305685482,0.08584600429574954,-0.17829824853596885,0.015436846713166804,0.07705185976979564
1704,9,356,9.936533141897351,4088.226647492491,124.08609991612518,4074.076898022276,54.0,0.08630086574955662,-0.37318656406898915,0.08584600429574954,-0.368916899735866,0.015436846713166804,0.15535266775212211
1705,22,356,267.77623279276514,4140.811810679348,124.08609991612518,4074.076898022276,54.0,0.08630086574955662,-0.5654208661221373,0.08584600429574954,-0.5605452209819654,0.015436846713166804,0.21512286521730703
1706,19,356,298.45947748194794,4119.807970449649,124.08609991612518,4074.076898022276,54.0,0.08630086574955662,-0.5861204888302431,0.08584600429574954,-0.5790108404623726,0.015436846713166804,0.21872281090325696
1707,21,357,103.34699834515416,4117.964937310308,115.16096838828992,4022.0483223003416,54.0,0.08630086574955662,-0.2957832648213784,0.08584600429574954,-0.28929958379316,0.015436846713166804,0.11503688722417761
1708,9,357,9.936533141897351,4088.226647492491,115.16096838828992,4022.0483223003416,54.0,0.08630086574955662,-0.3937028061585019,0.08584600429574954,-0.38913631662238873,0.015436846713166804,0.16971930452970307
1709,49,358,663.3163926639071,4436.617662823868,561.0138184560105,4473.501935426613,54.0,0.08630086574955662,-0.47090932248052236,0.08584600429574954,-0.4694562368788762,0.015436846713166804,0.13920603656305963
1710,56,358,677.3923123197425,4458.591690875839,561.0138184560105,4473.501935426613,54.0,0.08630086574955662,-0.4591337174858856,0.08584600429574954,-0.45880064960913064,0.015436846713166804,0.15019312575614402
1711,34,358,645.8872104090177,4370.307858894735,561.0138184560105,4473.501935426613,54.0,0.08630086574955662,-0.5345940065164932,0.08584600429574954,-0.5311601152150486,0.015436846713166804,0.1666317952631804
1712,23,358,492.6610906216525,4339.6404706179,561.0138184560105,4473.501935426613,54.0,0.08630086574955662,-0.39948182835580504,0.08584600429574954,-0.3893947263733793,0.015436846713166804,0.15741288284343152
1713,59,358,687.7533482500393,4462.8415205037,561.0138184560105,4473.501935426613,54.0,0.08630086574955662,-0.5094760535083246,0.08584600429574954,-0.5090640593776192,0.015436846713166804,0.1677591585282811
1714,7,358,477.9085898257795,4404.037580305916,561.0138184560105,4473.501935426613,54.0,0.08630086574955662,-0.4211662882289263,0.08584600429574954,-0.4167219365786499,0.015436846713166804,0.12926258411184682
1715,33,358,633.1852302568241,4317.679688677003,561.0138184560105,4473.501935426613,54.0,0.08630086574955662,-0.5480894614826846,0.08584600429574954,-0.544227165484964,0.015436846713166804,0.19431115503523516
1716,57,358,688.226455777822,4457.521568699916,561.0138184560105,4473.501935426613,54.0,0.08630086574955662,-0.5133814580845191,0.08584600429574954,-0.5129645640392435,0.015436846713166804,0.16909021571449942
1717,30,358,625.9985091941669,4344.425799606012,561.0138184560105,4473.501935426613,54.0,0.08630086574955662,-0.4151660011711472,0.08584600429574954,-0.4114480759136911,0.015436846713166804,0.16217593330698077
1718,30,359,625.9985091941669,4344.425799606012,565.0502773452903,4448.226533767391,54.0,0.08630086574955662,-0.3046439521374016,0.08584600429574954,-0.3006655256320279,0.015436846713166804,0.12742328143140955
1719,23,359,502.6784399226089,4334.088760610959,565.0502773452903,4448.226533767391,54.0,0.08630086574955662,-0.21910048144010535,0.08584600429574954,-0.20846370057196478,0.015436846713166804,0.11872125287104653
1720,33,359,633.1852302568241,4317.679688677003,565.0502773452903,4448.226533767391,54.0,0.08630086574955662,-0.44122329997644355,0.08584600429574954,-0.43711700222068073,0.015436846713166804,0.15798877964199187
1721,34,359,645.8872104090177,4370.307858894735,565.0502773452903,4448.226533767391,54.0,0.08630086574955662,-0.41610759334112973,0.08584600429574954,-0.4128919323784901,0.015436846713166804,0.13663215977931564
1722,23,360,504.75274351062166,4332.980003603095,582.8694820082358,4398.870274634955,54.0,0.08630086574955662,-0.10718109098772656,0.08584600429574954,-0.09537710376025033,0.015436846713166804,0.07107934858936414
1723,24,360,476.8845411410292,4318.364085281663,582.8694820082358,4398.870274634955,54.0,0.08630086574955662,-0.24548800421443803,0.08584600429574954,-0.23371420381675034,0.015436846713166804,0.10760545835187954
1724,7,360,477.9085898257795,4404.037580305916,582.8694820082358,4398.870274634955,54.0,0.08630086574955662,-0.3082590151206212,0.08584600429574954,-0.29953054128316964,0.015436846713166804,0.10491520648444115
1725,7,361,477.9085898257795,4404.037580305916,581.1993239604408,4389.028978416067,54.0,0.08630086574955662,-0.2912923823371547,0.08584600429574954,-0.28246534129959155,0.015436846713166804,0.10015335048463932
1726,35,361,583.2192292927565,4207.570440686977,581.1993239604408,4389.028978416067,54.0,0.08630086574955662,-0.8141262361162165,0.08584600429574954,-0.8069282107420527,0.015436846713166804,0.2168771574185787
1727,23,361,504.75274351062166,4332.980003603095,581.1993239604408,4389.028978416067,54.0,0.08630086574955662,-0.1032038952899626,0.08584600429574954,-0.09225316058735114,0.015436846713166804,0.06763572850688698
1728,49,361,663.3163926639071,4436.617662823868,581.1993239604408,4389.028978416067,54.0,0.08630086574955662,-0.41889322430450765,0.08584600429574954,-0.4160282534605895,0.015436846713166804,0.11230101680625731
1729,56,361,677.3923123197425,4458.591690875839,581.1993239604408,4389.028978416067,54.0,0.08630086574955662,-0.5338343091489973,0.08584600429574954,-0.5315138051693441,0.015436846713166804,0.1415726383011519
1730,34,361,645.8872104090177,4370.307858894735,581.1993239604408,4389.028978416067,54.0,0.08630086574955662,-0.1984546078138777,0.08584600429574954,-0.1932408921857361,0.015436846713166804,0.07440298842595372
1731,24,361,476.8845411410292,4318.364085281663,581.1993239604408,4389.028978416067,54.0,0.08630086574955662,-0.23167821337553318,0.08584600429574954,-0.22029149497661984,0.015436846713166804,0.10360237863397606
1732,57,361,688.226455777822,4457.521568699916,581.1993239604408,4389.028978416067,54.0,0.08630086574955662,-0.5916385457376956,0.08584600429574954,-0.588508103919716,0.015436846713166804,0.15972846854551073
1733,29,361,679.1344462972443,4226.875249913833,581.1993239604408,4389.028978416067,54.0,0.08630086574955662,-0.6831381861884169,0.08584600429574954,-0.6783156990365974,0.015436846713166804,0.2361192241648502
1734,33,361,633.1852302568241,4317.679688677003,581.1993239604408,4389.028978416067,54.0,0.08630086574955662,-0.33196161711034944,0.08584600429574954,-0.33041941613364273,0.015436846713166804,0.0959840272854749
1735,30,361,625.9985091941669,4344.425799606012,581.1993239604408,4389.028978416067,54.0,0.08630086574955662,-0.1646948205533126,0.08584600429574954,-0.1625354607417981,0.015436846713166804,0.06359328078055357
1736,26,362,492.46916862384336,4319.554466150916,583.831138251116,4371.053286709621,54.0,0.08630086574955662,-0.15578371988497025,0.08584600429574954,-0.14548354275276382,0.015436846713166804,0.08707941398099595
1737,7,362,477.9085898257795,4404.037580305916,583.831138251116,4371.053286709621,54.0,0.08630086574955662,-0.3090959471062345,0.08584600429574954,-0.29997705423370735,0.015436846713166804,0.10707038628128251
1738,24,362,476.8845411410292,4318.364085281663,583.831138251116,4371.053286709621,54.0,0.08630086574955662,-0.2256335018579797,0.08584600429574954,-0.21537405486872574,0.015436846713166804,0.10426989188189692
1739,29,362,679.1344462972443,4226.875249913833,583.831138251116,4371.053286709621,54.0,0.08630086574955662,-0.6732665126658122,0.08584600429574954,-0.6703750582964896,0.015436846713166804,0.22361283886244412
1740,23,362,504.75274351062166,4332.980003603095,583.831138251116,4371.053286709621,54.0,0.08630086574955662,-0.11242227970099179,0.08584600429574954,-0.10303365528152493,0.015436846713166804,0.06897287971575236
1741,30,363,625.9985091941669,4344.425799606012,561.2628392077421,4326.059519500939,54.0,0.08630086574955662,-0.34473219671983213,0.08584600429574954,-0.34276573321778575,0.015436846713166804,0.07812612616836023
1742,7,363,477.9085898257795,4404.037580305916,561.2628392077421,4326.059519500939,54.0,0.08630086574955662,-0.33357325674154603,0.08584600429574954,-0.32582077013413885,0.015436846713166804,0.1060455927108802
1743,26,363,492.46916862384336,4319.554466150916,561.2628392077421,4326.059519500939,54.0,0.08630086574955662,-0.15535002478832194,0.08584600429574954,-0.1505096719434699,0.015436846713166804,0.07328360546626819
1744,29,363,679.1344462972443,4226.875249913833,561.2628392077421,4326.059519500939,54.0,0.08630086574955662,-0.6384040436016987,0.08584600429574954,-0.6388666954288579,0.015436846713166804,0.20311925839278175
1745,37,363,628.569594659982,4182.409690156388,561.2628392077421,4326.059519500939,54.0,0.08630086574955662,-0.7199824326264376,0.08584600429574954,-0.7118721712016263,0.015436846713166804,0.20295306944050573
1746,23,364,504.75274351062166,4332.980003603095,534.8960064449519,4318.929029125519,54.0,0.08630086574955662,-0.0664036628170502,0.08584600429574954,-0.06463275760138963,0.015436846713166804,0.0332317258630236
1747,29,364,679.1344462972443,4226.875249913833,534.8960064449519,4318.929029125519,54.0,0.08630086574955662,-0.7507423693511213,0.08584600429574954,-0.7458360035126865,0.015436846713166804,0.22256759285423922
1748,26,364,492.46916862384336,4319.554466150916,534.8960064449519,4318.929029125519,54.0,0.08630086574955662,-0.10629470098815594,0.08584600429574954,-0.10382587535927382,0.015436846713166804,0.04688352373934316
1749,33,364,633.1852302568241,4317.679688677003,534.8960064449519,4318.929029125519,54.0,0.08630086574955662,-0.4375522900349296,0.08584600429574954,-0.43659201488461336,0.015436846713166804,0.12162331352061234
1750,43,364,630.0947010611478,4141.259609929846,534.8960064449519,4318.929029125519,54.0,0.08630086574955662,-0.7237553051686644,0.08584600429574954,-0.7156280944528223,0.015436846713166804,0.2547208040135375
1751,44,364,472.0029937650396,4104.126300266757,534.8960064449519,4318.929029125519,54.0,0.08630086574955662,-0.5034952561787651,0.08584600429574954,-0.48876943968112857,0.015436846713166804,0.21683445832469253
1752,7,364,477.9085898257795,4404.037580305916,534.8960064449519,4318.929029125519,54.0,0.08630086574955662,-0.37051346832814663,0.08584600429574954,-0.3673272407178934,0.015436846713166804,0.10374157017283274
1753,24,364,476.8845411410292,4318.364085281663,534.8960064449519,4318.929029125519,54.0,0.08630086574955662,-0.15483661249690633,0.08584600429574954,-0.1519490875411885,0.015436846713166804,0.06455024879760242
1754,56,364,677.3923123197425,4458.591690875839,534.8960064449519,4318.929029125519,54.0,0.08630086574955662,-0.6818708366717404,0.08584600429574954,-0.6717005219709659,0.015436846713166804,0.2226615617532296
1755,35,364,583.2192292927565,4207.570440686977,534.8960064449519,4318.929029125519,54.0,0.08630086574955662,-0.4286605094962882,0.08584600429574954,-0.4240143931193214,0.015436846713166804,0.1468849777995336
1756,30,364,625.9985091941669,4344.425799606012,534.8960064449519,4318.929029125519,54.0,0.08630086574955662,-0.40481233715552606,0.08584600429574954,-0.4010135475084325,0.015436846713166804,0.1055258367804484
1757,37,364,628.569594659982,4182.409690156388,534.8960064449519,4318.929029125519,54.0,0.08630086574955662,-0.6534067809491803,0.08584600429574954,-0.6447924977070666,0.015436846713166804,0.204452406603071
1758,34,364,645.8872104090177,4370.307858894735,534.8960064449519,4318.929029125519,54.0,0.08630086574955662,-0.3972617907005961,0.08584600429574954,-0.391069220369324,0.015436846713166804,0.13720752132246197
1759,23,365,496.2769738617064,4317.6652317633225,510.9466011058103,4309.526697793331,54.0,0.08630086574955662,-0.0439207775820782,0.08584600429574954,-0.04303672689417088,0.015436846713166804,0.018515081916454842
1760,7,365,477.9085898257795,4404.037580305916,510.9466011058103,4309.526697793331,54.0,0.08630086574955662,-0.49002637687747297,0.08584600429574954,-0.4881980184213621,0.015436846713166804,0.11038073526438616
1761,37,365,628.569594659982,4182.409690156388,510.9466011058103,4309.526697793331,54.0,0.08630086574955662,-0.5427416218989716,0.08584600429574954,-0.5325108916580962,0.015436846713166804,0.2068827659392408
1762,35,365,583.2192292927565,4207.570440686977,510.9466011058103,4309.526697793331,54.0,0.08630086574955662,-0.34468878379703954,0.08584600429574954,-0.3394368557086186,0.015436846713166804,0.14390514993472764
1763,33,365,633.1852302568241,4317.679688677003,510.9466011058103,4309.526697793331,54.0,0.08630086574955662,-0.4906181348353568,0.08584600429574954,-0.4880808702075586,0.015436846713166804,0.14709276933137522
1764,43,365,630.0947010611478,4141.259609929846,510.9466011058103,4309.526697793331,54.0,0.08630086574955662,-0.5862779171344752,0.08584600429574954,-0.5783667742915017,0.015436846713166804,0.2509196067862368
1765,24,365,476.8845411410292,4318.364085281663,510.9466011058103,4309.526697793331,54.0,0.08630086574955662,-0.10451466925136661,0.08584600429574954,-0.10313502109301317,0.015436846713166804,0.0404361442018939
1766,29,365,679.1344462972443,4226.875249913833,510.9466011058103,4309.526697793331,54.0,0.08630086574955662,-0.8157761279032248,0.08584600429574954,-0.8093520236029231,0.015436846713166804,0.24131741622132702
1767,30,365,625.9985091941669,4344.425799606012,510.9466011058103,4309.526697793331,54.0,0.08630086574955662,-0.47537434393649763,0.08584600429574954,-0.47046011519874725,0.015436846713166804,0.13357352139255635
1768,34,365,645.8872104090177,4370.307858894735,510.9466011058103,4309.526697793331,54.0,0.08630086574955662,-0.44555609634532417,0.08584600429574954,-0.43745675671265427,0.015436846713166804,0.1632709026699294
1769,44,365,472.0029937650396,4104.126300266757,510.9466011058103,4309.526697793331,54.0,0.08630086574955662,-0.3694576932696554,0.08584600429574954,-0.3535004763294836,0.015436846713166804,0.1933839577864642
1770,26,365,492.46916862384336,4319.554466150916,510.9466011058103,4309.526697793331,54.0,0.08630086574955662,-0.060417645809654634,0.08584600429574954,-0.05936354022980485,0.015436846713166804,0.024658908254155787
1771,44,366,472.0029937650396,4104.126300266757,511.8782596396733,4352.397235288708,54.0,0.08630086574955662,-0.4410094627925155,0.08584600429574954,-0.4218636098737307,0.015436846713166804,0.23008827094722703
1772,49,366,663.3163926639071,4436.617662823868,511.8782596396733,4352.397235288708,54.0,0.08630086574955662,-0.49776765290320685,0.08584600429574954,-0.48627440845210546,0.015436846713166804,0.16454036550791298
1773,8,366,404.480912881415,4338.111065579622,511.8782596396733,4352.397235288708,54.0,0.08630086574955662,-0.5665158072040999,0.08584600429574954,-0.5672299968146585,0.015436846713166804,0.1411654681584901
1774,32,366,334.71484028241383,4482.861045979598,511.8782596396733,4352.397235288708,54.0,0.08630086574955662,-0.784447344363103,0.08584600429574954,-0.7768601573199149,0.015436846713166804,0.28192239145205483
1775,33,366,633.1852302568241,4317.679688677003,511.8782596396733,4352.397235288708,54.0,0.08630086574955662,-0.3976494338335119,0.08584600429574954,-0.38993214721015057,0.015436846713166804,0.12827880440709932
1776,26,366,492.46916862384336,4319.554466150916,511.8782596396733,4352.397235288708,54.0,0.08630086574955662,-0.1110658968338539,0.08584600429574954,-0.10990072525675247,0.015436846713166804,0.040223976856497104
1777,23,366,501.98711709011,4334.532451306081,511.8782596396733,4352.397235288708,54.0,0.08630086574955662,-0.04032967306217995,0.08584600429574954,-0.039610289171344605,0.015436846713166804,0.01962466539616724
1778,35,366,583.2192292927565,4207.570440686977,511.8782596396733,4352.397235288708,54.0,0.08630086574955662,-0.47178344647496584,0.08584600429574954,-0.46445392089284776,0.015436846713166804,0.1835451004582101
1779,7,366,477.9085898257795,4404.037580305916,511.8782596396733,4352.397235288708,54.0,0.08630086574955662,-0.30584814934317434,0.08584600429574954,-0.30552705264632074,0.015436846713166804,0.06816585900494167
1780,29,366,679.1344462972443,4226.875249913833,511.8782596396733,4352.397235288708,54.0,0.08630086574955662,-0.7593204276010698,0.08584600429574954,-0.7525622647085017,0.015436846713166804,0.2470318745950802
1781,30,366,625.9985091941669,4344.425799606012,511.8782596396733,4352.397235288708,54.0,0.08630086574955662,-0.3890080517260043,0.08584600429574954,-0.382348933321985,0.015436846713166804,0.11136013681163458
1782,24,366,476.8845411410292,4318.364085281663,511.8782596396733,4352.397235288708,54.0,0.08630086574955662,-0.18185698483075993,0.08584600429574954,-0.18070603134922206,0.015436846713166804,0.05399316680056257
1783,57,366,688.226455777822,4457.521568699916,511.8782596396733,4352.397235288708,54.0,0.08630086574955662,-0.6772199588629266,0.08584600429574954,-0.6659502122837443,0.015436846713166804,0.21389037911569186
1784,34,366,645.8872104090177,4370.307858894735,511.8782596396733,4352.397235288708,54.0,0.08630086574955662,-0.29753040611805043,0.08584600429574954,-0.288836250098757,0.015436846713166804,0.13152704003421395
1785,56,366,677.3923123197425,4458.591690875839,511.8782596396733,4352.397235288708,54.0,0.08630086574955662,-0.6186826935584897,0.08584600429574954,-0.6086273168726993,0.015436846713166804,0.19680906089894223
1786,7,367,477.9085898257795,4404.037580305916,548.5850023962915,4353.449672308096,54.0,0.08630086574955662,-0.28753609740076397,0.08584600429574954,-0.28178464065246156,0.015436846713166804,0.08343971108891882
1787,34,367,645.8872104090177,4370.307858894735,548.5850023962915,4353.449672308096,54.0,0.08630086574955662,-0.24988120981543005,0.08584600429574954,-0.2443719292087266,0.015436846713166804,0.10530988879153512
1788,33,367,633.1852302568241,4317.679688677003,548.5850023962915,4353.449672308096,54.0,0.08630086574955662,-0.3794870536455448,0.08584600429574954,-0.37539158378667886,0.015436846713166804,0.10322848116373914
1789,49,367,663.3163926639071,4436.617662823868,548.5850023962915,4353.449672308096,54.0,0.08630086574955662,-0.4646771618506124,0.08584600429574954,-0.4554644226771881,0.015436846713166804,0.14968714394872065
1790,26,367,492.46916862384336,4319.554466150916,548.5850023962915,4353.449672308096,54.0,0.08630086574955662,-0.10393451100870787,0.08584600429574954,-0.0984128894069291,0.015436846713166804,0.05452154110115712
1791,35,367,583.2192292927565,4207.570440686977,548.5850023962915,4353.449672308096,54.0,0.08630086574955662,-0.5983315497644929,0.08584600429574954,-0.5917842905840786,0.015436846713166804,0.17818054201180103
1792,56,367,677.3923123197425,4458.591690875839,548.5850023962915,4353.449672308096,54.0,0.08630086574955662,-0.5857879874641476,0.08584600429574954,-0.5763659482990792,0.015436846713166804,0.17725644809498903
1793,44,367,472.0029937650396,4104.126300266757,548.5850023962915,4353.449672308096,54.0,0.08630086574955662,-0.5615345631031929,0.08584600429574954,-0.5425627815951528,0.015436846713166804,0.24516688280388305
1794,30,367,625.9985091941669,4344.425799606012,548.5850023962915,4353.449672308096,54.0,0.08630086574955662,-0.3268070629713686,0.08584600429574954,-0.3225480694119592,0.015436846713166804,0.0819110149175841
1795,24,367,476.8845411410292,4318.364085281663,548.5850023962915,4353.449672308096,54.0,0.08630086574955662,-0.17379326477642112,0.08584600429574954,-0.1682320678357866,0.015436846713166804,0.0717962706359876
1796,29,367,679.1344462972443,4226.875249913833,548.5850023962915,4353.449672308096,54.0,0.08630086574955662,-0.6434959471528972,0.08584600429574954,-0.6406106423803316,0.015436846713166804,0.22676053708588428
1797,23,367,504.75274351062166,4332.980003603095,548.5850023962915,4353.449672308096,54.0,0.08630086574955662,-0.060660681534099474,0.08584600429574954,-0.05596829235279504,0.015436846713166804,0.03645038337226942
1798,34,368,645.8872104090177,4370.307858894735,512.6417426087999,4370.543524351453,54.0,0.08630086574955662,-0.29299039326657633,0.08584600429574954,-0.28436657439989377,0.015436846713166804,0.12960210212636358
1799,26,368,492.46916862384336,4319.554466150916,512.6417426087999,4370.543524351453,54.0,0.08630086574955662,-0.17392219222711372,0.08584600429574954,-0.1731783701943838,0.015436846713166804,0.05831647186201398
1800,32,368,334.71484028241383,4482.861045979598,512.6417426087999,4370.543524351453,54.0,0.08630086574955662,-0.7175088320286093,0.08584600429574954,-0.7063559517086231,0.015436846713166804,0.26828670265588117
1801,24,368,476.8845411410292,4318.364085281663,512.6417426087999,4370.543524351453,54.0,0.08630086574955662,-0.25621324274473956,0.08584600429574954,-0.2557373469421037,0.015436846713166804,0.07055423047234012
1802,29,368,679.1344462972443,4226.875249913833,512.6417426087999,4370.543524351453,54.0,0.08630086574955662,-0.7175129647075478,0.08584600429574954,-0.7117038719014932,0.015436846713166804,0.25356551935430865
1803,7,368,477.9085898257795,4404.037580305916,512.6417426087999,4370.543524351453,54.0,0.08630086574955662,-0.24568007590258645,0.08584600429574954,-0.24456354423108184,0.015436846713166804,0.05556234477191914
1804,57,368,688.226455777822,4457.521568699916,512.6417426087999,4370.543524351453,54.0,0.08630086574955662,-0.6895099033026063,0.08584600429574954,-0.6810937887298327,0.015436846713166804,0.21868546939449238
1805,33,368,633.1852302568241,4317.679688677003,512.6417426087999,4370.543524351453,54.0,0.08630086574955662,-0.4288117159727814,0.08584600429574954,-0.42113779717643596,0.015436846713166804,0.1307057186597495
1806,35,368,583.2192292927565,4207.570440686977,512.6417426087999,4370.543524351453,54.0,0.08630086574955662,-0.5279426938132569,0.08584600429574954,-0.519937746387897,0.015436846713166804,0.19526594099934355
1807,56,368,677.3923123197425,4458.591690875839,512.6417426087999,4370.543524351453,54.0,0.08630086574955662,-0.6213071143994854,0.08584600429574954,-0.6134347415967301,0.015436846713166804,0.20119389804143295
1808,23,368,494.8187856170165,4338.418020078769,512.6417426087999,4370.543524351453,54.0,0.08630086574955662,-0.11918378647963587,0.08584600429574954,-0.11908534232223147,0.015436846713166804,0.03871698751368962
1809,30,368,625.9985091941669,4344.425799606012,512.6417426087999,4370.543524351453,54.0,0.08630086574955662,-0.3052403093090343,0.08584600429574954,-0.2975909658121675,0.015436846713166804,0.10600925929695945
1810,44,368,472.0029937650396,4104.126300266757,512.6417426087999,4370.543524351453,54.0,0.08630086574955662,-0.49217011199966687,0.08584600429574954,-0.47370346968610816,0.015436846713166804,0.24964211356931162
1811,8,368,404.480912881415,4338.111065579622,512.6417426087999,4370.543524351453,54.0,0.08630086574955662,-0.608607977088651,0.08584600429574954,-0.6079106011197488,0.015436846713166804,0.1471021603529233
1812,32,369,334.71484028241383,4482.861045979598,480.9664091966875,4352.089588299367,54.0,0.08630086574955662,-0.7032427049295992,0.08584600429574954,-0.6968340014439596,0.015436846713166804,0.26514586655753664
1813,44,369,472.0029937650396,4104.126300266757,480.9664091966875,4352.089588299367,54.0,0.08630086574955662,-0.5087230100721614,0.08584600429574954,-0.491429577792992,0.015436846713166804,0.2171538814221941
1814,30,369,625.9985091941669,4344.425799606012,480.9664091966875,4352.089588299367,54.0,0.08630086574955662,-0.5450568872578688,0.08584600429574954,-0.5385803940909863,0.015436846713166804,0.1443242833206066
1815,7,369,477.9085898257795,4404.037580305916,480.9664091966875,4352.089588299367,54.0,0.08630086574955662,-0.3358332458606773,0.08584600429574954,-0.3358170643920188,0.015436846713166804,0.05953949766065996
1816,8,369,404.480912881415,4338.111065579622,480.9664091966875,4352.089588299367,54.0,0.08630086574955662,-0.44317389386856054,0.08584600429574954,-0.4436235705887878,0.015436846713166804,0.10850094358213044
1817,33,369,633.1852302568241,4317.679688677003,480.9664091966875,4352.089588299367,54.0,0.08630086574955662,-0.5121319112303145,0.08584600429574954,-0.5034575268433531,0.015436846713166804,0.1604696253499004
1818,29,369,679.1344462972443,4226.875249913833,480.9664091966875,4352.089588299367,54.0,0.08630086574955662,-0.9542400075202949,0.08584600429574954,-0.9469974575829757,0.015436846713166804,0.28882218853811575
1819,23,369,492.6610906216525,4339.6404706179,480.9664091966875,4352.089588299367,54.0,0.08630086574955662,-0.092442304559472,0.08584600429574954,-0.09228209973305437,0.015436846713166804,0.019844566246776742
1820,26,369,492.46916862384336,4319.554466150916,480.9664091966875,4352.089588299367,54.0,0.08630086574955662,-0.17274802797560213,0.08584600429574954,-0.1722129533320274,0.015436846713166804,0.04091909579965469
1821,35,369,583.2192292927565,4207.570440686977,480.9664091966875,4352.089588299367,54.0,0.08630086574955662,-0.5644668346704953,0.08584600429574954,-0.5576486719345389,0.015436846713166804,0.2028047414133798
1822,24,369,476.8845411410292,4318.364085281663,480.9664091966875,4352.089588299367,54.0,0.08630086574955662,-0.1680035525162852,0.08584600429574954,-0.1674611677966879,0.015436846713166804,0.0402873682432624
1823,34,369,645.8872104090177,4370.307858894735,480.9664091966875,4352.089588299367,54.0,0.08630086574955662,-0.45669869549306485,0.08584600429574954,-0.4485262544945286,0.015436846713166804,0.16473195889112155
1824,30,370,625.9985091941669,4344.425799606012,558.287928261929,4383.549496546334,54.0,0.08630086574955662,-0.205323419340732,0.08584600429574954,-0.20206334424873543,0.015436846713166804,0.07910816995110466
1825,29,370,679.1344462972443,4226.875249913833,558.287928261929,4383.549496546334,54.0,0.08630086574955662,-0.6821719218101749,0.08584600429574954,-0.6750922416285268,0.015436846713166804,0.2389767311027215
1826,23,370,504.75274351062166,4332.980003603095,558.287928261929,4383.549496546334,54.0,0.08630086574955662,-0.08714267865049415,0.08584600429574954,-0.0797193833922587,0.015436846713166804,0.053662965657213665
1827,7,370,477.9085898257795,4404.037580305916,558.287928261929,4383.549496546334,54.0,0.08630086574955662,-0.2727721252377005,0.08584600429574954,-0.26674795784865607,0.015436846713166804,0.08567806440579671
1828,59,370,687.7533482500393,4462.8415205037,558.287928261929,4383.549496546334,54.0,0.08630086574955662,-0.6105159293090134,0.08584600429574954,-0.6058070401044084,0.015436846713166804,0.1775245862787308
1829,24,370,476.8845411410292,4318.364085281663,558.287928261929,4383.549496546334,54.0,0.08630086574955662,-0.23029609493393835,0.08584600429574954,-0.22295404073514696,0.015436846713166804,0.09128647634577712
1830,56,370,677.3923123197425,4458.591690875839,558.287928261929,4383.549496546334,54.0,0.08630086574955662,-0.5495709768451378,0.08584600429574954,-0.5451652694851336,0.015436846713166804,0.15741476340459581
1831,35,370,583.2192292927565,4207.570440686977,558.287928261929,4383.549496546334,54.0,0.08630086574955662,-0.6579204924807567,0.08584600429574954,-0.6474416016729749,0.015436846713166804,0.20094627849459648
1832,34,370,645.8872104090177,4370.307858894735,558.287928261929,4383.549496546334,54.0,0.08630086574955662,-0.20590277907835955,0.08584600429574954,-0.19827049843884348,0.015436846713166804,0.08546116477667973
1833,33,370,633.1852302568241,4317.679688677003,558.287928261929,4383.549496546334,54.0,0.08630086574955662,-0.3775145202204745,0.08584600429574954,-0.37398893947353395,0.015436846713166804,0.1058021903686747
1834,49,371,663.3163926639071,4436.617662823868,537.5523516970317,4387.183166028368,54.0,0.08630086574955662,-0.46812987670092526,0.08584600429574954,-0.46212530708655153,0.015436846713166804,0.14634142559560923
1835,29,371,679.1344462972443,4226.875249913833,537.5523516970317,4387.183166028368,54.0,0.08630086574955662,-0.698713966875969,0.08584600429574954,-0.6898240676269848,0.015436846713166804,0.2513109324218586
1836,56,371,677.3923123197425,4458.591690875839,537.5523516970317,4387.183166028368,54.0,0.08630086574955662,-0.559709463295375,0.08584600429574954,-0.5540263038822067,0.015436846713166804,0.1744146126120242
1837,23,371,504.75274351062166,4332.980003603095,537.5523516970317,4387.183166028368,54.0,0.08630086574955662,-0.10980167171662296,0.08584600429574954,-0.10592295267392905,0.015436846713166804,0.05544751254363887
1838,33,371,633.1852302568241,4317.679688677003,537.5523516970317,4387.183166028368,54.0,0.08630086574955662,-0.4024822746701344,0.08584600429574954,-0.3956925740512077,0.015436846713166804,0.12045445404370066
1839,7,371,477.9085898257795,4404.037580305916,537.5523516970317,4387.183166028368,54.0,0.08630086574955662,-0.25248565891625163,0.08584600429574954,-0.24922533511930264,0.015436846713166804,0.0703514420874323
1840,35,371,583.2192292927565,4207.570440686977,537.5523516970317,4387.183166028368,54.0,0.08630086574955662,-0.6169415241712858,0.08584600429574954,-0.6055175850534071,0.015436846713166804,0.1976839825037652
1841,24,371,476.8845411410292,4318.364085281663,537.5523516970317,4387.183166028368,54.0,0.08630086574955662,-0.2747132881487159,0.08584600429574954,-0.27155196122959446,0.015436846713166804,0.09323507919411292
1842,30,371,625.9985091941669,4344.425799606012,537.5523516970317,4387.183166028368,54.0,0.08630086574955662,-0.23105304658758186,0.08584600429574954,-0.22479373254727675,0.015436846713166804,0.09386260058291093
1843,34,371,645.8872104090177,4370.307858894735,537.5523516970317,4387.183166028368,54.0,0.08630086574955662,-0.2275362692553075,0.08584600429574954,-0.21705117871966384,0.015436846713166804,0.10073852680176838
1844,33,372,633.1852302568241,4317.679688677003,556.3622236943382,4406.099826935316,54.0,0.08630086574955662,-0.3704646555670752,0.08584600429574954,-0.3649661211712434,0.015436846713166804,0.11552174135531913
1845,23,372,504.75274351062166,4332.980003603095,556.3622236943382,4406.099826935316,54.0,0.08630086574955662,-0.12958654975984046,0.08584600429574954,-0.12169653292334702,0.015436846713166804,0.07311457148696021
1846,49,372,663.3163926639071,4436.617662823868,556.3622236943382,4406.099826935316,54.0,0.08630086574955662,-0.4402873892424304,0.08584600429574954,-0.4372599522303704,0.015436846713166804,0.12902007251998673
1847,29,372,679.1344462972443,4226.875249913833,556.3622236943382,4406.099826935316,54.0,0.08630086574955662,-0.7146065447451707,0.08584600429574954,-0.7060376066997872,0.015436846713166804,0.2540157987823686
1848,57,372,688.226455777822,4457.521568699916,556.3622236943382,4406.099826935316,54.0,0.08630086574955662,-0.5872496316444953,0.08584600429574954,-0.5841141889506619,0.015436846713166804,0.1748151175267764
1849,34,372,645.8872104090177,4370.307858894735,556.3622236943382,4406.099826935316,54.0,0.08630086574955662,-0.23128620049998155,0.08584600429574954,-0.2224167625012921,0.015436846713166804,0.09517928828865185
1850,7,372,477.9085898257795,4404.037580305916,556.3622236943382,4406.099826935316,54.0,0.08630086574955662,-0.2867533399093291,0.08584600429574954,-0.28174310309000333,0.015436846713166804,0.08823953617765481
1851,59,372,687.7533482500393,4462.8415205037,556.3622236943382,4406.099826935316,54.0,0.08630086574955662,-0.5762225748569345,0.08584600429574954,-0.573541129949232,0.015436846713166804,0.17601153799408556
1852,24,372,476.8845411410292,4318.364085281663,556.3622236943382,4406.099826935316,54.0,0.08630086574955662,-0.3001585917393811,0.08584600429574954,-0.2934117956537734,0.015436846713166804,0.11311732268937498
1853,56,372,677.3923123197425,4458.591690875839,556.3622236943382,4406.099826935316,54.0,0.08630086574955662,-0.5190692859778956,0.08584600429574954,-0.5164967048847139,0.015436846713166804,0.1562771797185518
1854,30,372,625.9985091941669,4344.425799606012,556.3622236943382,4406.099826935316,54.0,0.08630086574955662,-0.19049112222983863,0.08584600429574954,-0.18431836279814742,0.015436846713166804,0.0827510042983884
1855,30,373,625.9985091941669,4344.425799606012,507.007626677084,4418.914577252973,54.0,0.08630086574955662,-0.33034947645042667,0.08584600429574954,-0.32070347946814864,0.015436846713166804,0.1349708300428758
1856,33,373,633.1852302568241,4317.679688677003,507.007626677084,4418.914577252973,54.0,0.08630086574955662,-0.5171690777427329,0.08584600429574954,-0.5072764981222951,0.015436846713166804,0.16495553452541814
1857,23,373,492.6610906216525,4339.6404706179,507.007626677084,4418.914577252973,54.0,0.08630086574955662,-0.41002679527354224,0.08584600429574954,-0.40841381639143864,0.015436846713166804,0.0950309886555494
1858,7,373,477.9085898257795,4404.037580305916,507.007626677084,4418.914577252973,54.0,0.08630086574955662,-0.19655868033020976,0.08584600429574954,-0.19656814615165674,0.015436846713166804,0.044577428664571796
1859,24,373,476.8845411410292,4318.364085281663,507.007626677084,4418.914577252973,54.0,0.08630086574955662,-0.5636939371824158,0.08584600429574954,-0.5622378802870835,0.015436846713166804,0.12270408331329669
1860,34,373,645.8872104090177,4370.307858894735,507.007626677084,4418.914577252973,54.0,0.08630086574955662,-0.3437774725414706,0.08584600429574954,-0.3295567374800928,0.015436846713166804,0.1437547178521105
1861,57,373,688.226455777822,4457.521568699916,507.007626677084,4418.914577252973,54.0,0.08630086574955662,-0.725340201879461,0.08584600429574954,-0.7210771176300318,0.015436846713166804,0.22798710565253594
1862,56,373,677.3923123197425,4458.591690875839,507.007626677084,4418.914577252973,54.0,0.08630086574955662,-0.6573728858987532,0.08584600429574954,-0.6535229118486052,0.015436846713166804,0.21047181971592058
1863,26,373,492.46916862384336,4319.554466150916,507.007626677084,4418.914577252973,54.0,0.08630086574955662,-0.47159850069840215,0.08584600429574954,-0.46934553846260646,0.015436846713166804,0.11825486373254585
1864,32,373,334.71484028241383,4482.861045979598,507.007626677084,4418.914577252973,54.0,0.08630086574955662,-0.6212289454932889,0.08584600429574954,-0.6109786817477992,0.015436846713166804,0.24046419261312946
1865,49,373,663.3163926639071,4436.617662823868,507.007626677084,4418.914577252973,54.0,0.08630086574955662,-0.5968079640537783,0.08584600429574954,-0.5906710566228118,0.015436846713166804,0.18327887986561026
1866,33,374,633.1852302568241,4317.679688677003,504.4577215216528,4438.979738557756,54.0,0.08630086574955662,-0.5437358462440246,0.08584600429574954,-0.5327901994363814,0.015436846713166804,0.17684848775066042
1867,49,374,663.3163926639071,4436.617662823868,504.4577215216528,4438.979738557756,54.0,0.08630086574955662,-0.6204185460608178,0.08584600429574954,-0.6162106282446504,0.015436846713166804,0.1902103526687853
1868,23,374,492.6610906216525,4339.6404706179,504.4577215216528,4438.979738557756,54.0,0.08630086574955662,-0.545214847173572,0.08584600429574954,-0.5438505916809357,0.015436846713166804,0.11778221334769584
1869,34,374,645.8872104090177,4370.307858894735,504.4577215216528,4438.979738557756,54.0,0.08630086574955662,-0.3966305561443255,0.08584600429574954,-0.3838193588283066,0.015436846713166804,0.16096545550180774
1870,32,374,334.71484028241383,4482.861045979598,504.4577215216528,4438.979738557756,54.0,0.08630086574955662,-0.602728286504702,0.08584600429574954,-0.5959610699539764,0.015436846713166804,0.22991963317668643
1871,59,374,687.7533482500393,4462.8415205037,504.4577215216528,4438.979738557756,54.0,0.08630086574955662,-0.6671726630177861,0.08584600429574954,-0.6640578449518029,0.015436846713166804,0.22816686162917632
1872,57,374,688.226455777822,4457.521568699916,504.4577215216528,4438.979738557756,54.0,0.08630086574955662,-0.6860862390514839,0.08584600429574954,-0.6832547438449342,0.015436846713166804,0.22860535990736655
1873,56,374,677.3923123197425,4458.591690875839,504.4577215216528,4438.979738557756,54.0,0.08630086574955662,-0.6263266336345434,0.08584600429574954,-0.6240193104939025,0.015436846713166804,0.20938556326959615
1874,30,374,625.9985091941669,4344.425799606012,504.4577215216528,4438.979738557756,54.0,0.08630086574955662,-0.3437262484092221,0.08584600429574954,-0.3319653905953156,0.015436846713166804,0.14280089977477642
1875,24,374,476.8845411410292,4318.364085281663,504.4577215216528,4438.979738557756,54.0,0.08630086574955662,-0.6957390325520116,0.08584600429574954,-0.6947423989829538,0.015436846713166804,0.14688209758209642
1876,33,375,633.1852302568241,4317.679688677003,538.408480740028,4431.916543109024,54.0,0.08630086574955662,-0.4055721857184675,0.08584600429574954,-0.39635679088313214,0.015436846713166804,0.14177977306815503
1877,34,375,645.8872104090177,4370.307858894735,538.408480740028,4431.916543109024,54.0,0.08630086574955662,-0.31197261617280375,0.08584600429574954,-0.3031238003738903,0.015436846713166804,0.13130311407646783
1878,7,375,477.9085898257795,4404.037580305916,538.408480740028,4431.916543109024,54.0,0.08630086574955662,-0.2993085722142872,0.08584600429574954,-0.29743653281024235,0.015436846713166804,0.08338947988507958
1879,24,375,476.8845411410292,4318.364085281663,538.408480740028,4431.916543109024,54.0,0.08630086574955662,-0.4676392681628292,0.08584600429574954,-0.4617751988807009,0.015436846713166804,0.14089553643302216
1880,30,375,625.9985091941669,4344.425799606012,538.408480740028,4431.916543109024,54.0,0.08630086574955662,-0.22586876017868068,0.08584600429574954,-0.21611096650509015,0.015436846713166804,0.10802650459788266
1881,23,375,492.6610906216525,4339.6404706179,538.408480740028,4431.916543109024,54.0,0.08630086574955662,-0.3122655564213844,0.08584600429574954,-0.30659282467141347,0.015436846713166804,0.10852486313845916
1882,33,376,633.1852302568241,4317.679688677003,524.7277800422952,4456.789074584238,54.0,0.08630086574955662,-0.4533246060318188,0.08584600429574954,-0.4422865758950577,0.015436846713166804,0.1706100280113488
1883,49,376,663.3163926639071,4436.617662823868,524.7277800422952,4456.789074584238,54.0,0.08630086574955662,-0.5682422599083098,0.08584600429574954,-0.564898448733764,0.015436846713166804,0.1726445399885499
1884,56,376,677.3923123197425,4458.591690875839,524.7277800422952,4456.789074584238,54.0,0.08630086574955662,-0.536622814987209,0.08584600429574954,-0.5335008435341009,0.015436846713166804,0.18892429347127107
1885,57,376,688.226455777822,4457.521568699916,524.7277800422952,4456.789074584238,54.0,0.08630086574955662,-0.590771338818883,0.08584600429574954,-0.5875686349152158,0.015436846713166804,0.2077667096629584
1886,7,376,477.9085898257795,4404.037580305916,524.7277800422952,4456.789074584238,54.0,0.08630086574955662,-0.3635869781333057,0.08584600429574954,-0.3631688488045696,0.015436846713166804,0.09057197276873204
1887,59,376,687.7533482500393,4462.8415205037,524.7277800422952,4456.789074584238,54.0,0.08630086574955662,-0.5892710326498914,0.08584600429574954,-0.5860671639029523,0.015436846713166804,0.20724784992398293
1888,34,376,645.8872104090177,4370.307858894735,524.7277800422952,4456.789074584238,54.0,0.08630086574955662,-0.39928544710634584,0.08584600429574954,-0.39048421353980467,0.015436846713166804,0.16662386759581724
1889,32,376,334.71484028241383,4482.861045979598,524.7277800422952,4456.789074584238,54.0,0.08630086574955662,-0.6843002588203259,0.08584600429574954,-0.6798623269664901,0.015436846713166804,0.2517464982554706
1890,30,376,625.9985091941669,4344.425799606012,524.7277800422952,4456.789074584238,54.0,0.08630086574955662,-0.27905790464527014,0.08584600429574954,-0.26768001442088724,0.015436846713166804,0.1371501881276034
1891,33,377,633.1852302568241,4317.679688677003,485.3956997431978,4374.153861375261,54.0,0.08630086574955662,-0.5606590121098267,0.08584600429574954,-0.5538135118689391,0.015436846713166804,0.16114903818049273
1892,7,377,477.9085898257795,4404.037580305916,485.3956997431978,4374.153861375261,54.0,0.08630086574955662,-0.19290744921550795,0.08584600429574954,-0.1924044163965144,0.015436846713166804,0.035987385534520404
1893,8,377,404.480912881415,4338.111065579622,485.3956997431978,4374.153861375261,54.0,0.08630086574955662,-0.4882702118195705,0.08584600429574954,-0.4873101888067414,0.015436846713166804,0.1247790988288746
1894,26,377,492.46916862384336,4319.554466150916,485.3956997431978,4374.153861375261,54.0,0.08630086574955662,-0.31414204233580356,0.08584600429574954,-0.3141097072523244,0.015436846713166804,0.06362996527242779
1895,34,377,645.8872104090177,4370.307858894735,485.3956997431978,4374.153861375261,54.0,0.08630086574955662,-0.4240554510923067,0.08584600429574954,-0.41583623126754765,0.015436846713166804,0.1588128351242987
1896,32,377,334.71484028241383,4482.861045979598,485.3956997431978,4374.153861375261,54.0,0.08630086574955662,-0.6134965664213772,0.08584600429574954,-0.6049446272716594,0.015436846713166804,0.24441726537052727
1897,30,377,625.9985091941669,4344.425799606012,485.3956997431978,4374.153861375261,54.0,0.08630086574955662,-0.44621340782453833,0.08584600429574954,-0.43907389157050425,0.015436846713166804,0.13517222073289537
1898,24,377,476.8845411410292,4318.364085281663,485.3956997431978,4374.153861375261,54.0,0.08630086574955662,-0.318823221186455,0.08584600429574954,-0.3187572088756881,0.015436846713166804,0.06519627498557747
1899,29,377,679.1344462972443,4226.875249913833,485.3956997431978,4374.153861375261,54.0,0.08630086574955662,-0.9203456973575587,0.08584600429574954,-0.9142926877045648,0.015436846713166804,0.28292828296868444
1900,23,377,492.6610906216525,4339.6404706179,485.3956997431978,4374.153861375261,54.0,0.08630086574955662,-0.2215670413297142,0.08584600429574954,-0.2219203399120306,0.015436846713166804,0.04011652297560009
1901,59,378,687.7533482500393,4462.8415205037,529.1168317879833,4454.262917514842,54.0,0.08630086574955662,-0.5794637918549302,0.08584600429574954,-0.5765386242437913,0.015436846713166804,0.2025142502944406
1902,68,378,607.5300941255965,4399.875364871049,529.1168317879833,4454.262917514842,54.0,0.08630086574955662,-0.20714774535030436,0.08584600429574954,-0.20119956177459408,0.015436846713166804,0.10124001734659523
1903,32,378,334.71484028241383,4482.861045979598,529.1168317879833,4454.262917514842,54.0,0.08630086574955662,-0.6955718616619584,0.08584600429574954,-0.6907352890643104,0.015436846713166804,0.25693413943112325
1904,33,378,633.1852302568241,4317.679688677003,529.1168317879833,4454.262917514842,54.0,0.08630086574955662,-0.4417314141597398,0.08584600429574954,-0.431049383246195,0.015436846713166804,0.16570028735093986
1905,23,378,492.6610906216525,4339.6404706179,529.1168317879833,4454.262917514842,54.0,0.08630086574955662,-0.4783012448973164,0.08584600429574954,-0.4744623266565349,0.015436846713166804,0.1397824733136855
1906,69,378,685.3230867940251,4391.141433827922,529.1168317879833,4454.262917514842,54.0,0.08630086574955662,-0.6952949267089807,0.08584600429574954,-0.6929691147796841,0.015436846713166804,0.21982189605908953
1907,49,378,663.3163926639071,4436.617662823868,529.1168317879833,4454.262917514842,54.0,0.08630086574955662,-0.5514927309370365,0.08584600429574954,-0.5484562351469096,0.015436846713166804,0.1665118061471672
1908,30,378,625.9985091941669,4344.425799606012,529.1168317879833,4454.262917514842,54.0,0.08630086574955662,-0.27048465926125964,0.08584600429574954,-0.25960475240196645,0.015436846713166804,0.1326312291664541
1909,56,378,677.3923123197425,4458.591690875839,529.1168317879833,4454.262917514842,54.0,0.08630086574955662,-0.5265642284099921,0.08584600429574954,-0.5237220271703162,0.015436846713166804,0.18410357654623086
1910,57,378,688.226455777822,4457.521568699916,529.1168317879833,4454.262917514842,54.0,0.08630086574955662,-0.5806227975503883,0.08584600429574954,-0.5777001744332662,0.015436846713166804,0.2029157960227558
1911,34,378,645.8872104090177,4370.307858894735,529.1168317879833,4454.262917514842,54.0,0.08630086574955662,-0.38911030129708823,0.08584600429574954,-0.38068488073595236,0.015436846713166804,0.16128777826026416
1912,67,378,614.1933123417826,4407.07660776138,529.1168317879833,4454.262917514842,54.0,0.08630086574955662,-0.24754672163021407,0.08584600429574954,-0.24262521057957576,0.015436846713166804,0.10675718805533657
1913,16,378,513.1636048475955,4263.301540421994,529.1168317879833,4454.262917514842,54.0,0.08630086574955662,-0.41811676135952114,0.08584600429574954,-0.4055037633269554,0.015436846713166804,0.1940127405054304
1914,59,379,687.7533482500393,4462.8415205037,532.7418826940634,4408.404237914756,54.0,0.08630086574955662,-0.623087380286826,0.08584600429574954,-0.6184861671039752,0.015436846713166804,0.19461885580229382
1915,49,379,663.3163926639071,4436.617662823868,532.7418826940634,4408.404237914756,54.0,0.08630086574955662,-0.4590859405190953,0.08584600429574954,-0.4526957959161494,0.015436846713166804,0.14757897490122496
1916,26,379,492.46916862384336,4319.554466150916,532.7418826940634,4408.404237914756,54.0,0.08630086574955662,-0.2658634531985307,0.08584600429574954,-0.2614381256247831,0.015436846713166804,0.09998860966667839
1917,34,379,645.8872104090177,4370.307858894735,532.7418826940634,4408.404237914756,54.0,0.08630086574955662,-0.2508336215507236,0.08584600429574954,-0.2384044948758772,0.015436846713166804,0.11149057437224802
1918,68,379,607.5300941255965,4399.875364871049,532.7418826940634,4408.404237914756,54.0,0.08630086574955662,-0.14140143695868074,0.08584600429574954,-0.134763621436563,0.015436846713166804,0.07247145929594047
1919,33,379,633.1852302568241,4317.679688677003,532.7418826940634,4408.404237914756,54.0,0.08630086574955662,-0.41179783955301597,0.08584600429574954,-0.4034683140180799,0.015436846713166804,0.1317778837955572
1920,24,379,476.8845411410292,4318.364085281663,532.7418826940634,4408.404237914756,54.0,0.08630086574955662,-0.3828908341531304,0.08584600429574954,-0.3789816309870632,0.015436846713166804,0.11503998483853815
1921,56,379,677.3923123197425,4458.591690875839,532.7418826940634,4408.404237914756,54.0,0.08630086574955662,-0.5679399486434359,0.08584600429574954,-0.5633300642508514,0.015436846713166804,0.17515437210283977
1922,57,379,688.226455777822,4457.521568699916,532.7418826940634,4408.404237914756,54.0,0.08630086574955662,-0.627633513980125,0.08584600429574954,-0.6221804847669352,0.015436846713166804,0.1937353567642517
1923,67,379,614.1933123417826,4407.07660776138,532.7418826940634,4408.404237914756,54.0,0.08630086574955662,-0.17021255663709312,0.08584600429574954,-0.163767719508884,0.015436846713166804,0.07965683668975558
1924,23,379,494.38725640942334,4338.751242244796,532.7418826940634,4408.404237914756,54.0,0.08630086574955662,-0.23097705612323488,0.08584600429574954,-0.2274103917104911,0.015436846713166804,0.08268803995095886
1925,58,379,703.3499165584745,4445.916544165671,532.7418826940634,4408.404237914756,54.0,0.08630086574955662,-0.6918289726766571,0.08584600429574954,-0.6838654066500464,0.015436846713166804,0.21457678780886774
1926,32,379,334.71484028241383,4482.861045979598,532.7418826940634,4408.404237914756,54.0,0.08630086574955662,-0.7157849742869772,0.08584600429574954,-0.7037176879081133,0.015436846713166804,0.27247419096464265
1927,30,379,625.9985091941669,4344.425799606012,532.7418826940634,4408.404237914756,54.0,0.08630086574955662,-0.22562882044836904,0.08584600429574954,-0.21706010035680193,0.015436846713166804,0.10113963775210702
1928,29,379,679.1344462972443,4226.875249913833,532.7418826940634,4408.404237914756,54.0,0.08630086574955662,-0.7157743265230617,0.08584600429574954,-0.7035318646640875,0.015436846713166804,0.26590965852646403
1929,33,380,633.1852302568241,4317.679688677003,555.815156934327,4405.984828369565,54.0,0.08630086574955662,-0.37156250451319656,0.08584600429574954,-0.3660311969512626,0.015436846713166804,0.11576443248756912
1930,23,380,504.75274351062166,4332.980003603095,555.815156934327,4405.984828369565,54.0,0.08630086574955662,-0.12992035739245628,0.08584600429574954,-0.12213040089003817,0.015436846713166804,0.07305254903198562
1931,34,380,645.8872104090177,4370.307858894735,555.815156934327,4405.984828369565,54.0,0.08630086574955662,-0.23137484567067498,0.08584600429574954,-0.22242911143471036,0.015436846713166804,0.09540512340503171
1932,67,380,614.1933123417826,4407.07660776138,555.815156934327,4405.984828369565,54.0,0.08630086574955662,-0.14572973091128838,0.08584600429574954,-0.14251715470699505,0.015436846713166804,0.061820399283451455
1933,56,380,677.3923123197425,4458.591690875839,555.815156934327,4405.984828369565,54.0,0.08630086574955662,-0.5198659884829597,0.08584600429574954,-0.5172327766914141,0.015436846713166804,0.1567080272646278
1934,68,380,607.5300941255965,4399.875364871049,555.815156934327,4405.984828369565,54.0,0.08630086574955662,-0.11753015378853425,0.08584600429574954,-0.11413158688843282,0.015436846713166804,0.05494670748864957
1935,49,380,663.3163926639071,4436.617662823868,555.815156934327,4405.984828369565,54.0,0.08630086574955662,-0.44079975661221565,0.08584600429574954,-0.4377004851090034,0.015436846713166804,0.12943610735212502
1936,30,380,625.9985091941669,4344.425799606012,555.815156934327,4405.984828369565,54.0,0.08630086574955662,-0.19114005135637138,0.08584600429574954,-0.1849315005979795,0.015436846713166804,0.08304251754041306
1937,16,380,519.0070440168354,4262.203633597157,555.815156934327,4405.984828369565,54.0,0.08630086574955662,-0.19836975660397188,0.08584600429574954,-0.1817941293823671,0.015436846713166804,0.1198276952748529
1938,24,380,476.8845411410292,4318.364085281663,555.815156934327,4405.984828369565,54.0,0.08630086574955662,-0.3008535694252927,0.08584600429574954,-0.29421734961720336,0.015436846713166804,0.11304063437540117
1939,37,381,628.569594659982,4182.409690156388,533.7624093755849,4336.924325778417,54.0,0.08630086574955662,-0.7095885396828437,0.08584600429574954,-0.7000598942695704,0.015436846713166804,0.21665975909930144
1940,43,381,630.0947010611478,4141.259609929846,533.7624093755849,4336.924325778417,54.0,0.08630086574955662,-0.7926568590924751,0.08584600429574954,-0.782909820683341,0.015436846713166804,0.2681316178012124
1941,23,381,504.75274351062166,4332.980003603095,533.7624093755849,4336.924325778417,54.0,0.08630086574955662,-0.04500748905635069,0.08584600429574954,-0.042856364730705816,0.015436846713166804,0.02466619850899106
1942,68,381,607.5300941255965,4399.875364871049,533.7624093755849,4336.924325778417,54.0,0.08630086574955662,-0.11346839076355653,0.08584600429574954,-0.10057175355364192,0.015436846713166804,0.07263080093022806
1943,33,381,633.1852302568241,4317.679688677003,533.7624093755849,4336.924325778417,54.0,0.08630086574955662,-0.343522324581435,0.08584600429574954,-0.3374636811079748,0.015436846713166804,0.10910711455504411
1944,69,381,685.3230867940251,4391.141433827922,533.7624093755849,4336.924325778417,54.0,0.08630086574955662,-0.5186470995929058,0.08584600429574954,-0.5111916765150434,0.015436846713166804,0.19274107886927694
1945,30,381,625.9985091941669,4344.425799606012,533.7624093755849,4336.924325778417,54.0,0.08630086574955662,-0.3540598212849758,0.08584600429574954,-0.34839303628548335,0.015436846713166804,0.09399939190015584
1946,57,381,688.226455777822,4457.521568699916,533.7624093755849,4336.924325778417,54.0,0.08630086574955662,-0.6721002895127063,0.08584600429574954,-0.6597763939849033,0.015436846713166804,0.215992212248964
1947,35,381,583.2192292927565,4207.570440686977,533.7624093755849,4336.924325778417,54.0,0.08630086574955662,-0.4861417989079631,0.08584600429574954,-0.4801445250680552,0.015436846713166804,0.16100152404151563
1948,44,381,472.0029937650396,4104.126300266757,533.7624093755849,4336.924325778417,54.0,0.08630086574955662,-0.48315645882383934,0.08584600429574954,-0.46560225247258036,0.015436846713166804,0.22396494187920893
1949,26,381,492.46916862384336,4319.554466150916,533.7624093755849,4336.924325778417,54.0,0.08630086574955662,-0.08803949209452748,0.08584600429574954,-0.08513669065449052,0.015436846713166804,0.04208636365788279
1950,16,381,519.0070440168354,4262.203633597157,533.7624093755849,4336.924325778417,54.0,0.08630086574955662,-0.1321679462803832,0.08584600429574954,-0.12541274732936356,0.015436846713166804,0.07236702921835139
1951,29,381,679.1344462972443,4226.875249913833,533.7624093755849,4336.924325778417,54.0,0.08630086574955662,-0.7161187818329723,0.08584600429574954,-0.7115165818515404,0.015436846713166804,0.224722879875241
1952,24,381,476.8845411410292,4318.364085281663,533.7624093755849,4336.924325778417,54.0,0.08630086574955662,-0.1393694736975489,0.08584600429574954,-0.136259999851649,0.015436846713166804,0.0587671964138965
1953,67,381,614.1933123417826,4407.07660776138,533.7624093755849,4336.924325778417,54.0,0.08630086574955662,-0.15381579671529869,0.08584600429574954,-0.14089546278933746,0.015436846713166804,0.08333797309266891
1954,49,381,663.3163926639071,4436.617662823868,533.7624093755849,4336.924325778417,54.0,0.08630086574955662,-0.49017425148187077,0.08584600429574954,-0.4784877703592499,0.015436846713166804,0.16650875308663254
1955,34,381,645.8872104090177,4370.307858894735,533.7624093755849,4336.924325778417,54.0,0.08630086574955662,-0.28823834871913456,0.08584600429574954,-0.28108930050381714,0.015436846713166804,0.12165203488299403
1956,56,381,677.3923123197425,4458.591690875839,533.7624093755849,4336.924325778417,54.0,0.08630086574955662,-0.6107580126642786,0.08584600429574954,-0.5986461995881311,0.015436846713166804,0.19370262144960296
1957,29,382,679.1344462972443,4226.875249913833,530.4685985461446,4301.8986450225775,54.0,0.08630086574955662,-0.7664920455056287,0.08584600429574954,-0.7614695208344154,0.015436846713166804,0.21881521317176317
1958,43,382,630.0947010611478,4141.259609929846,530.4685985461446,4301.8986450225775,54.0,0.08630086574955662,-0.6060527132582162,0.08584600429574954,-0.5985382807780146,0.015436846713166804,0.23739881842859004
1959,68,382,607.5300941255965,4399.875364871049,530.4685985461446,4301.8986450225775,54.0,0.08630086574955662,-0.21648646724615095,0.08584600429574954,-0.20469697487480554,0.015436846713166804,0.1171617945029835
1960,35,382,583.2192292927565,4207.570440686977,530.4685985461446,4301.8986450225775,54.0,0.08630086574955662,-0.34869330566563317,0.08584600429574954,-0.3443873619963739,0.015436846713166804,0.1300675448288361
1961,16,382,519.0070440168354,4262.203633597157,530.4685985461446,4301.8986450225775,54.0,0.08630086574955662,-0.08625622233710434,0.08584600429574954,-0.08308856152403843,0.015436846713166804,0.04353031485850321
1962,37,382,628.569594659982,4182.409690156388,530.4685985461446,4301.8986450225775,54.0,0.08630086574955662,-0.5512084899231959,0.08584600429574954,-0.5415158893707933,0.015436846713166804,0.19017100697649048
1963,30,382,625.9985091941669,4344.425799606012,530.4685985461446,4301.8986450225775,54.0,0.08630086574955662,-0.49382624649586887,0.08584600429574954,-0.4919108968890221,0.015436846713166804,0.1213059204051647
1964,23,382,497.4898291573873,4319.884180805564,530.4685985461446,4301.8986450225775,54.0,0.08630086574955662,-0.09117680585739163,0.08584600429574954,-0.0889169488010339,0.015436846713166804,0.04082563691271314
1965,24,382,476.8845411410292,4318.364085281663,530.4685985461446,4301.8986450225775,54.0,0.08630086574955662,-0.152511986235222,0.08584600429574954,-0.14981890070826798,0.015436846713166804,0.06265278040727218
1966,67,382,614.1933123417826,4407.07660776138,530.4685985461446,4301.8986450225775,54.0,0.08630086574955662,-0.2607960056176259,0.08584600429574954,-0.24925314513745575,0.015436846713166804,0.1298477883278067
1967,34,382,645.8872104090177,4370.307858894735,530.4685985461446,4301.8986450225775,54.0,0.08630086574955662,-0.5371742522942392,0.08584600429574954,-0.5325558236973995,0.015436846713166804,0.1564633889476614
1968,44,382,472.0029937650396,4104.126300266757,530.4685985461446,4301.8986450225775,54.0,0.08630086574955662,-0.47196884783229615,0.08584600429574954,-0.45860528152085867,0.015436846713166804,0.19901492441611815
1969,26,382,492.46916862384336,4319.554466150916,530.4685985461446,4301.8986450225775,54.0,0.08630086574955662,-0.10711067550981902,0.08584600429574954,-0.10473679125112463,0.015436846713166804,0.046503651915083835
1970,32,383,334.71484028241383,4482.861045979598,514.5322622025869,4456.751426788521,54.0,0.08630086574955662,-0.6418405798304193,0.08584600429574954,-0.6370369729155417,0.015436846713166804,0.2387917239636253
1971,59,383,687.7533482500393,4462.8415205037,514.5322622025869,4456.751426788521,54.0,0.08630086574955662,-0.6320141649930642,0.08584600429574954,-0.6290792353652531,0.015436846713166804,0.2202655835008708
1972,23,383,492.6610906216525,4339.6404706179,514.5322622025869,4456.751426788521,54.0,0.08630086574955662,-0.5679817161267138,0.08584600429574954,-0.565542099291261,0.015436846713166804,0.14237527023046095
1973,68,383,607.5300941255965,4399.875364871049,514.5322622025869,4456.751426788521,54.0,0.08630086574955662,-0.2522721865603324,0.08584600429574954,-0.2462283787991535,0.015436846713166804,0.11585994962915079
1974,49,383,663.3163926639071,4436.617662823868,514.5322622025869,4456.751426788521,54.0,0.08630086574955662,-0.6061627928902135,0.08584600429574954,-0.6031146671117518,0.015436846713166804,0.18474571909070794
1975,57,383,688.226455777822,4457.521568699916,514.5322622025869,4456.751426788521,54.0,0.08630086574955662,-0.6335543427501119,0.08584600429574954,-0.6306196888823741,0.015436846713166804,0.2208011676391153
1976,56,383,677.3923123197425,4458.591690875839,514.5322622025869,4456.751426788521,54.0,0.08630086574955662,-0.5793805009917223,0.08584600429574954,-0.5765271776380693,0.015436846713166804,0.20194809031101826
1977,34,383,645.8872104090177,4370.307858894735,514.5322622025869,4456.751426788521,54.0,0.08630086574955662,-0.4237800036723003,0.08584600429574954,-0.41492095238181087,0.015436846713166804,0.17489394208548686
1978,16,383,513.1636048475955,4263.301540421994,514.5322622025869,4456.751426788521,54.0,0.08630086574955662,-0.5576122499206904,0.08584600429574954,-0.5490757171133611,0.015436846713166804,0.2111547261325556
1979,67,383,614.1933123417826,4407.07660776138,514.5322622025869,4456.751426788521,54.0,0.08630086574955662,-0.2872518261044971,0.08584600429574954,-0.2820936155448307,0.015436846713166804,0.12243796796877957
1980,30,383,625.9985091941669,4344.425799606012,514.5322622025869,4456.751426788521,54.0,0.08630086574955662,-0.3205662577154947,0.08584600429574954,-0.30937464741342574,0.015436846713166804,0.14587290380839885
1981,33,384,633.1852302568241,4317.679688677003,548.53915137937,4457.937093293264,54.0,0.08630086574955662,-0.4406556022879513,0.08584600429574954,-0.43260553895604925,0.015436846713166804,0.16532260025010845
1982,16,384,515.343860107242,4262.861565575985,548.53915137937,4457.937093293264,54.0,0.08630086574955662,-0.27911477248406147,0.08584600429574954,-0.2574462074553001,0.015436846713166804,0.16825326104371285
1983,68,384,607.5300941255965,4399.875364871049,548.53915137937,4457.937093293264,54.0,0.08630086574955662,-0.21905333930866844,0.08584600429574954,-0.21511436218816418,0.015436846713166804,0.09261591083294717
1984,34,384,645.8872104090177,4370.307858894735,548.53915137937,4457.937093293264,54.0,0.08630086574955662,-0.4317284141937602,0.08584600429574954,-0.42611986106938393,0.015436846713166804,0.15464134823492137
1985,23,384,492.6610906216525,4339.6404706179,548.53915137937,4457.937093293264,54.0,0.08630086574955662,-0.37687619687342855,0.08584600429574954,-0.36939425676095167,0.015436846713166804,0.13894982300009165
1986,67,384,614.1933123417826,4407.07660776138,548.53915137937,4457.937093293264,54.0,0.08630086574955662,-0.25986634691821864,0.08584600429574954,-0.25701907457104917,0.015436846713166804,0.09597221540442577
1987,30,384,625.9985091941669,4344.425799606012,548.53915137937,4457.937093293264,54.0,0.08630086574955662,-0.298892481623325,0.08584600429574954,-0.29129576344048547,0.015436846713166804,0.13699535044638153
1988,34,385,645.8872104090177,4370.307858894735,566.5828788927461,4457.8640046212495,54.0,0.08630086574955662,-0.47876756108717955,0.08584600429574954,-0.4763988284549024,0.015436846713166804,0.1472337216087197
1989,68,385,607.5300941255965,4399.875364871049,566.5828788927461,4457.8640046212495,54.0,0.08630086574955662,-0.24498882659440657,0.08584600429574954,-0.24386662033930723,0.015436846713166804,0.08496922358269104
1990,57,385,688.226455777822,4457.521568699916,566.5828788927461,4457.8640046212495,54.0,0.08630086574955662,-0.49681850856824644,0.08584600429574954,-0.4969349698604997,0.015436846713166804,0.16167815870535424
1991,59,385,687.7533482500393,4462.8415205037,566.5828788927461,4457.8640046212495,54.0,0.08630086574955662,-0.4955871775826678,0.08584600429574954,-0.4957075791599096,0.015436846713166804,0.1612233840016048
1992,49,385,663.3163926639071,4436.617662823868,566.5828788927461,4457.8640046212495,54.0,0.08630086574955662,-0.4557922898417529,0.08584600429574954,-0.45406261207799714,0.015436846713166804,0.12916795808350695
1993,67,385,614.1933123417826,4407.07660776138,566.5828788927461,4457.8640046212495,54.0,0.08630086574955662,-0.27476270274209696,0.08584600429574954,-0.2744931769866131,0.015436846713166804,0.08597101704270935
1994,33,385,633.1852302568241,4317.679688677003,566.5828788927461,4457.8640046212495,54.0,0.08630086574955662,-0.49948638873266005,0.08584600429574954,-0.49663166251884655,0.015436846713166804,0.1741832751149074
1995,23,385,499.82723412204166,4335.752917918386,566.5828788927461,4457.8640046212495,54.0,0.08630086574955662,-0.25897922014550506,0.08584600429574954,-0.24783815148953062,0.015436846713166804,0.13210209434003894
1996,16,385,519.0070440168354,4262.203633597157,566.5828788927461,4457.8640046212495,54.0,0.08630086574955662,-0.2828952952198888,0.08584600429574954,-0.26082787469627705,0.015436846713166804,0.17006933906175664
1997,30,385,625.9985091941669,4344.425799606012,566.5828788927461,4457.8640046212495,54.0,0.08630086574955662,-0.3633439670846104,0.08584600429574954,-0.36051306591271404,0.015436846713166804,0.14208171842758519
1998,56,385,677.3923123197425,4458.591690875839,566.5828788927461,4457.8640046212495,54.0,0.08630086574955662,-0.44292277346535236,0.08584600429574954,-0.4431233892047856,0.015436846713166804,0.14290160263507173
1999,33,386,633.1852302568241,4317.679688677003,560.6999742572023,4437.5564168372,54.0,0.08630086574955662,-0.3959152978881381,0.08584600429574954,-0.3900008828544727,0.015436846713166804,0.14080412019260793
2000,23,386,503.8019257486624,4333.534354749648,560.6999742572023,4437.5564168372,54.0,0.08630086574955662,-0.19379388012351625,0.08584600429574954,-0.1838804689099742,0.015436846713166804,0.10566222792332891
2001,67,386,614.1933123417826,4407.07660776138,560.6999742572023,4437.5564168372,54.0,0.08630086574955662,-0.18937769462747941,0.08584600429574954,-0.18751762182178933,0.015436846713166804,0.0716871777149222
2002,68,386,607.5300941255965,4399.875364871049,560.6999742572023,4437.5564168372,54.0,0.08630086574955662,-0.1561004133753079,0.08584600429574954,-0.15347455264423054,0.015436846713166804,0.06825047280692108
2003,16,386,519.0070440168354,4262.203633597157,560.6999742572023,4437.5564168372,54.0,0.08630086574955662,-0.24325516260954877,0.08584600429574954,-0.2232164330595923,0.015436846713166804,0.14860721703335358
2004,34,386,645.8872104090177,4370.307858894735,560.6999742572023,4437.5564168372,54.0,0.08630086574955662,-0.34573973437292194,0.08584600429574954,-0.3409540838976908,0.015436846713166804,0.12790838338344848
2005,30,386,625.9985091941669,4344.425799606012,560.6999742572023,4437.5564168372,54.0,0.08630086574955662,-0.24971274584494055,0.08584600429574954,-0.24395354665451394,0.015436846713166804,0.11129677946862772
2006,67,387,614.1933123417826,4407.07660776138,495.98772785766295,4443.197207172899,54.0,0.08630086574955662,-0.33235268635343784,0.08584600429574954,-0.3254748050594643,0.015436846713166804,0.13170830759847765
2007,30,387,625.9985091941669,4344.425799606012,495.98772785766295,4443.197207172899,54.0,0.08630086574955662,-0.39135152282407665,0.08584600429574954,-0.3794855792666341,0.015436846713166804,0.15526588174279796
2008,23,387,492.6610906216525,4339.6404706179,495.98772785766295,4443.197207172899,54.0,0.08630086574955662,-0.6270332621563375,0.08584600429574954,-0.6266779629551208,0.015436846713166804,0.12576236735988056
2009,34,387,645.8872104090177,4370.307858894735,495.98772785766295,4443.197207172899,54.0,0.08630086574955662,-0.4400019884693846,0.08584600429574954,-0.42695518454926973,0.015436846713166804,0.17282892071964198
2010,68,387,607.5300941255965,4399.875364871049,495.98772785766295,4443.197207172899,54.0,0.08630086574955662,-0.30308474557339704,0.08584600429574954,-0.2952952479513756,0.015436846713166804,0.12398988933759258
2011,16,387,513.1636048475955,4263.301540421994,495.98772785766295,4443.197207172899,54.0,0.08630086574955662,-0.5719046360152744,0.08584600429574954,-0.5644935681338751,0.015436846713166804,0.1989877067434349
2012,32,387,334.71484028241383,4482.861045979598,495.98772785766295,4443.197207172899,54.0,0.08630086574955662,-0.5643298798584115,0.08584600429574954,-0.5579171192702227,0.015436846713166804,0.21865214896365656
2013,49,388,663.3163926639071,4436.617662823868,516.32703292139,4436.776156702188,54.0,0.08630086574955662,-0.5714447664059454,0.08584600429574954,-0.567584187979694,0.015436846713166804,0.1761407431546176
2014,57,388,688.226455777822,4457.521568699916,516.32703292139,4436.776156702188,54.0,0.08630086574955662,-0.6447095240829994,0.08584600429574954,-0.6417993655482434,0.015436846713166804,0.21521640587951438
2015,69,388,685.3230867940251,4391.141433827922,516.32703292139,4436.776156702188,54.0,0.08630086574955662,-0.6426769800923702,0.08584600429574954,-0.637424206840182,0.015436846713166804,0.2167421692586818
2016,30,388,625.9985091941669,4344.425799606012,516.32703292139,4436.776156702188,54.0,0.08630086574955662,-0.287245394670286,0.08584600429574954,-0.275731575282526,0.015436846713166804,0.1289840946051451
2017,34,388,645.8872104090177,4370.307858894735,516.32703292139,4436.776156702188,54.0,0.08630086574955662,-0.35411293455252923,0.08584600429574954,-0.34239748396035596,0.015436846713166804,0.1495667438621587
2018,33,388,633.1852302568241,4317.679688677003,516.32703292139,4436.776156702188,54.0,0.08630086574955662,-0.48013163063600744,0.08584600429574954,-0.4692343238910034,0.015436846713166804,0.16223147484612654
2019,59,388,687.7533482500393,4462.8415205037,516.32703292139,4436.776156702188,54.0,0.08630086574955662,-0.6333122663268838,0.08584600429574954,-0.6312043567339406,0.015436846713166804,0.2145671329355075
2020,68,388,607.5300941255965,4399.875364871049,516.32703292139,4436.776156702188,54.0,0.08630086574955662,-0.21115336535460943,0.08584600429574954,-0.20407557407958365,0.015436846713166804,0.09876131209774994
2021,32,388,334.71484028241383,4482.861045979598,516.32703292139,4436.776156702188,54.0,0.08630086574955662,-0.6541057185359301,0.08584600429574954,-0.6470219979475453,0.015436846713166804,0.2443870425376512
2022,56,388,677.3923123197425,4458.591690875839,516.32703292139,4436.776156702188,54.0,0.08630086574955662,-0.5844863396269521,0.08584600429574954,-0.5820686869534547,0.015436846713166804,0.1961698081867766
2023,67,388,614.1933123417826,4407.07660776138,516.32703292139,4436.776156702188,54.0,0.08630086574955662,-0.24007387114003137,0.08584600429574954,-0.23376288121088895,0.015436846713166804,0.10593523842015562
2024,23,388,492.6610906216525,4339.6404706179,516.32703292139,4436.776156702188,54.0,0.08630086574955662,-0.45562609052685155,0.08584600429574954,-0.45314320069591585,0.015436846713166804,0.11852565875816376
2025,16,388,513.1636048475955,4263.301540421994,516.32703292139,4436.776156702188,54.0,0.08630086574955662,-0.47434042614084904,0.08584600429574954,-0.46601507044135343,0.015436846713166804,0.1867250490253798
2026,49,389,663.3163926639071,4436.617662823868,536.1540880146566,4444.858609584984,54.0,0.08630086574955662,-0.518954440193669,0.08584600429574954,-0.5162711099433462,0.015436846713166804,0.15525929210476155
2027,59,389,687.7533482500393,4462.8415205037,536.1540880146566,4444.858609584984,54.0,0.08630086574955662,-0.5504873317649553,0.08584600429574954,-0.5482270452509996,0.015436846713166804,0.19196266964654307
2028,57,389,688.226455777822,4457.521568699916,536.1540880146566,4444.858609584984,54.0,0.08630086574955662,-0.5711105505408132,0.08584600429574954,-0.570171920070488,0.015436846713166804,0.19180074720371282
2029,34,389,645.8872104090177,4370.307858894735,536.1540880146566,4444.858609584984,54.0,0.08630086574955662,-0.3565225179846229,0.08584600429574954,-0.348552050868617,0.015436846713166804,0.14778203690514177
2030,67,389,614.1933123417826,4407.07660776138,536.1540880146566,4444.858609584984,54.0,0.08630086574955662,-0.21265210826830078,0.08584600429574954,-0.20809593631183526,0.015436846713166804,0.09443595667986243
2031,32,389,334.71484028241383,4482.861045979598,536.1540880146566,4444.858609584984,54.0,0.08630086574955662,-0.7094443615068589,0.08584600429574954,-0.7026789310887527,0.015436846713166804,0.2637616550228485
2032,16,389,513.1636048475955,4263.301540421994,536.1540880146566,4444.858609584984,54.0,0.08630086574955662,-0.29397549084576907,0.08584600429574954,-0.2771446950073426,0.015436846713166804,0.16507616526696112
2033,68,389,607.5300941255965,4399.875364871049,536.1540880146566,4444.858609584984,54.0,0.08630086574955662,-0.18156072162086334,0.08584600429574954,-0.176214220988452,0.015436846713166804,0.08865459055597638
2034,56,389,677.3923123197425,4458.591690875839,536.1540880146566,4444.858609584984,54.0,0.08630086574955662,-0.5074520592058709,0.08584600429574954,-0.5059602564072926,0.015436846713166804,0.17317449181198377
2035,33,389,633.1852302568241,4317.679688677003,536.1540880146566,4444.858609584984,54.0,0.08630086574955662,-0.4194083113431917,0.08584600429574954,-0.4096237716660592,0.015436846713166804,0.15345315101128174
2036,23,389,492.6610906216525,4339.6404706179,536.1540880146566,4444.858609584984,54.0,0.08630086574955662,-0.38232897935090154,0.08584600429574954,-0.3772771121172863,0.015436846713166804,0.12592127873346007
2037,67,390,614.1933123417826,4407.07660776138,546.9208165404689,4421.220011345582,54.0,0.08630086574955662,-0.15752551039200996,0.08584600429574954,-0.15304383249472575,0.015436846713166804,0.06972829990563825
2038,33,390,633.1852302568241,4317.679688677003,546.9208165404689,4421.220011345582,54.0,0.08630086574955662,-0.38564832565106727,0.08584600429574954,-0.37784348466886286,0.015436846713166804,0.12903866832272123
2039,16,390,519.0070440168354,4262.203633597157,546.9208165404689,4421.220011345582,54.0,0.08630086574955662,-0.211055152674633,0.08584600429574954,-0.19245093104237002,0.015436846713166804,0.13171715037186812
2040,34,390,645.8872104090177,4370.307858894735,546.9208165404689,4421.220011345582,54.0,0.08630086574955662,-0.2766225675590216,0.08584600429574954,-0.2677712153328058,0.015436846713166804,0.11489573009131449
2041,68,390,607.5300941255965,4399.875364871049,546.9208165404689,4421.220011345582,54.0,0.08630086574955662,-0.13296003700458084,0.08584600429574954,-0.12820015064208096,0.015436846713166804,0.06423072254275544
2042,30,390,625.9985091941669,4344.425799606012,546.9208165404689,4421.220011345582,54.0,0.08630086574955662,-0.2061812515680381,0.08584600429574954,-0.19773917003790353,0.015436846713166804,0.09548692243005794
2043,23,390,499.9136158376406,4335.64194216077,546.9208165404689,4421.220011345582,54.0,0.08630086574955662,-0.18377853454983534,0.08584600429574954,-0.1766902209907015,0.015436846713166804,0.09015825190682768
2044,26,391,492.46916862384336,4319.554466150916,577.856407148501,4399.683609216996,54.0,0.08630086574955662,-0.15568973580607576,0.08584600429574954,-0.14375035902297167,0.015436846713166804,0.08814650306184443
2045,59,391,687.7533482500393,4462.8415205037,577.856407148501,4399.683609216996,54.0,0.08630086574955662,-0.5919913967922164,0.08584600429574954,-0.5915315547915723,0.015436846713166804,0.16440231195690042
2046,67,391,614.1933123417826,4407.07660776138,577.856407148501,4399.683609216996,54.0,0.08630086574955662,-0.1254885825600195,0.08584600429574954,-0.1246336795805355,0.015436846713166804,0.04641815299779954
2047,57,391,688.226455777822,4457.521568699916,577.856407148501,4399.683609216996,54.0,0.08630086574955662,-0.5954642771072015,0.08584600429574954,-0.5946098165275834,0.015436846713166804,0.16241575379915918
2048,23,391,504.75274351062166,4332.980003603095,577.856407148501,4399.683609216996,54.0,0.08630086574955662,-0.10562744383646455,0.08584600429574954,-0.0944887913321059,0.015436846713166804,0.0689749045962135
2049,34,391,645.8872104090177,4370.307858894735,577.856407148501,4399.683609216996,54.0,0.08630086574955662,-0.2109151821383945,0.08584600429574954,-0.20499245001869562,0.015436846713166804,0.07942733880991507
2050,30,391,625.9985091941669,4344.425799606012,577.856407148501,4399.683609216996,54.0,0.08630086574955662,-0.1652535746841675,0.08584600429574954,-0.16155851478966712,0.015436846713166804,0.06759150563180341
2051,68,391,607.5300941255965,4399.875364871049,577.856407148501,4399.683609216996,54.0,0.08630086574955662,-0.04808894687212721,0.08584600429574954,-0.04371806929236047,0.015436846713166804,0.02745789471405981
2052,49,391,663.3163926639071,4436.617662823868,577.856407148501,4399.683609216996,54.0,0.08630086574955662,-0.4331995029943651,0.08584600429574954,-0.43269048514381386,0.015436846713166804,0.11802029062264144
2053,56,391,677.3923123197425,4458.591690875839,577.856407148501,4399.683609216996,54.0,0.08630086574955662,-0.5313207880067476,0.08584600429574954,-0.5310762976920647,0.015436846713166804,0.14435351756090414
2054,24,391,476.8845411410292,4318.364085281663,577.856407148501,4399.683609216996,54.0,0.08630086574955662,-0.25077398164205955,0.08584600429574954,-0.23985837371021723,0.015436846713166804,0.10702152953366952
2055,56,392,677.3923123197425,4458.591690875839,507.9742950230683,4385.009332545608,54.0,0.08630086574955662,-0.6240898026983537,0.08584600429574954,-0.6159232656589739,0.015436846713166804,0.2053555341788921
2056,68,392,607.5300941255965,4399.875364871049,507.9742950230683,4385.009332545608,54.0,0.08630086574955662,-0.15457120436166955,0.08584600429574954,-0.14251596631069202,0.015436846713166804,0.08170594422150641
2057,30,392,625.9985091941669,4344.425799606012,507.9742950230683,4385.009332545608,54.0,0.08630086574955662,-0.3156443379107226,0.08584600429574954,-0.3067153674938278,0.015436846713166804,0.11968593378142764
2058,23,392,492.6610906216525,4339.6404706179,507.9742950230683,4385.009332545608,54.0,0.08630086574955662,-0.21090817718471055,0.08584600429574954,-0.21045136236385828,0.015436846713166804,0.053219931933580766
2059,32,392,334.71484028241383,4482.861045979598,507.9742950230683,4385.009332545608,54.0,0.08630086574955662,-0.6765693256834068,0.08584600429574954,-0.6646895714366013,0.015436846713166804,0.2552861824844678
2060,69,392,685.3230867940251,4391.141433827922,507.9742950230683,4385.009332545608,54.0,0.08630086574955662,-0.5264444866286385,0.08584600429574954,-0.5128677706492131,0.015436846713166804,0.19534964056807652
2061,29,392,679.1344462972443,4226.875249913833,507.9742950230683,4385.009332545608,54.0,0.08630086574955662,-0.7320874216974255,0.08584600429574954,-0.7249454835202497,0.015436846713166804,0.2676718817705859
2062,33,392,633.1852302568241,4317.679688677003,507.9742950230683,4385.009332545608,54.0,0.08630086574955662,-0.47708309812550764,0.08584600429574954,-0.46747809073054597,0.015436846713166804,0.14178094085735435
2063,57,392,688.226455777822,4457.521568699916,507.9742950230683,4385.009332545608,54.0,0.08630086574955662,-0.6947208697320875,0.08584600429574954,-0.6860801847164284,0.015436846713166804,0.22378341014899394
2064,24,392,476.8845411410292,4318.364085281663,507.9742950230683,4385.009332545608,54.0,0.08630086574955662,-0.3585695435508515,0.08584600429574954,-0.35773282271424345,0.015436846713166804,0.08408017759659714
2065,34,392,645.8872104090177,4370.307858894735,507.9742950230683,4385.009332545608,54.0,0.08630086574955662,-0.2962976326100555,0.08584600429574954,-0.284286096076481,0.015436846713166804,0.12869246157810751
2066,49,392,663.3163926639071,4436.617662823868,507.9742950230683,4385.009332545608,54.0,0.08630086574955662,-0.5425851002518038,0.08584600429574954,-0.5342147094196309,0.015436846713166804,0.17668985215239208
2067,16,392,513.1636048475955,4263.301540421994,507.9742950230683,4385.009332545608,54.0,0.08630086574955662,-0.26717970561102644,0.08584600429574954,-0.26094295707001713,0.015436846713166804,0.12300354024997674
2068,67,392,614.1933123417826,4407.07660776138,507.9742950230683,4385.009332545608,54.0,0.08630086574955662,-0.22609539106216442,0.08584600429574954,-0.21676610008448483,0.015436846713166804,0.10030620708996474
2069,26,392,492.46916862384336,4319.554466150916,507.9742950230683,4385.009332545608,54.0,0.08630086574955662,-0.2577812795770378,0.08584600429574954,-0.2568035817548548,0.015436846713166804,0.07506386219497814
2070,30,393,625.9985091941669,4344.425799606012,495.4096026336581,4388.202891193944,54.0,0.08630086574955662,-0.37408963716908333,0.08584600429574954,-0.36455409145737633,0.015436846713166804,0.13391009985318067
2071,23,393,492.6610906216525,4339.6404706179,495.4096026336581,4388.202891193944,54.0,0.08630086574955662,-0.3031407188569232,0.08584600429574954,-0.30321900052430134,0.015436846713166804,0.05496955720967575
2072,29,393,679.1344462972443,4226.875249913833,495.4096026336581,4388.202891193944,54.0,0.08630086574955662,-0.8052742937683378,0.08584600429574954,-0.7985241802649584,0.015436846713166804,0.28072597238339464
2073,68,393,607.5300941255965,4399.875364871049,495.4096026336581,4388.202891193944,54.0,0.08630086574955662,-0.21015144318960155,0.08584600429574954,-0.197621256823311,0.015436846713166804,0.09566909559063735
2074,24,393,476.8845411410292,4318.364085281663,495.4096026336581,4388.202891193944,54.0,0.08630086574955662,-0.41433336734951226,0.08584600429574954,-0.4139879700555919,0.015436846713166804,0.08272247929788006
2075,32,393,334.71484028241383,4482.861045979598,495.4096026336581,4388.202891193944,54.0,0.08630086574955662,-0.6191864218522695,0.08584600429574954,-0.6077769871966111,0.015436846713166804,0.2404718299209557
2076,69,393,685.3230867940251,4391.141433827922,495.4096026336581,4388.202891193944,54.0,0.08630086574955662,-0.5819425038418687,0.08584600429574954,-0.5677879039534954,0.015436846713166804,0.2096867305827976
2077,33,393,633.1852302568241,4317.679688677003,495.4096026336581,4388.202891193944,54.0,0.08630086574955662,-0.5297222189032933,0.08584600429574954,-0.5199202577842587,0.015436846713166804,0.15597132843911607
2078,57,393,688.226455777822,4457.521568699916,495.4096026336581,4388.202891193944,54.0,0.08630086574955662,-0.7458707294884918,0.08584600429574954,-0.7366190695683125,0.015436846713166804,0.2376592136873412
2079,67,393,614.1933123417826,4407.07660776138,495.4096026336581,4388.202891193944,54.0,0.08630086574955662,-0.29012235153477006,0.08584600429574954,-0.28100352394370043,0.015436846713166804,0.11721285851738933
2080,34,393,645.8872104090177,4370.307858894735,495.4096026336581,4388.202891193944,54.0,0.08630086574955662,-0.3543707001149366,0.08584600429574954,-0.34141487418761274,0.015436846713166804,0.14388268124066392
2081,16,393,513.1636048475955,4263.301540421994,495.4096026336581,4388.202891193944,54.0,0.08630086574955662,-0.39691767748914103,0.08584600429574954,-0.391214884865749,0.015436846713166804,0.12924344722833458
2082,56,393,677.3923123197425,4458.591690875839,495.4096026336581,4388.202891193944,54.0,0.08630086574955662,-0.6911199244739065,0.08584600429574954,-0.6828109986108212,0.015436846713166804,0.21962685719454494
2083,67,394,614.1933123417826,4407.07660776138,551.2834782412536,4388.438780991228,54.0,0.08630086574955662,-0.12308332746071105,0.08584600429574954,-0.11677308980429446,0.015436846713166804,0.055951470816340707
2084,24,394,476.8845411410292,4318.364085281663,551.2834782412536,4388.438780991228,54.0,0.08630086574955662,-0.2555416471570336,0.08584600429574954,-0.2496637238989744,0.015436846713166804,0.09571426507572314
2085,30,394,625.9985091941669,4344.425799606012,551.2834782412536,4388.438780991228,54.0,0.08630086574955662,-0.2098806484553038,0.08584600429574954,-0.20542890738774508,0.015436846713166804,0.08386869544589819
2086,33,394,633.1852302568241,4317.679688677003,551.2834782412536,4388.438780991228,54.0,0.08630086574955662,-0.38339226045746905,0.08584600429574954,-0.3785526718167415,0.015436846713166804,0.11088075707659341
2087,16,394,519.0070440168354,4262.203633597157,551.2834782412536,4388.438780991228,54.0,0.08630086574955662,-0.18212237466687325,0.08584600429574954,-0.1680252741086179,0.015436846713166804,0.10765164847325691
2088,34,394,645.8872104090177,4370.307858894735,551.2834782412536,4388.438780991228,54.0,0.08630086574955662,-0.2149327703516068,0.08584600429574954,-0.2057371838376475,0.015436846713166804,0.09111390779735287
2089,68,394,607.5300941255965,4399.875364871049,551.2834782412536,4388.438780991228,54.0,0.08630086574955662,-0.06465420645462255,0.08584600429574954,-0.056688805258494054,0.015436846713166804,0.041904685158029226
2090,23,394,504.75274351062166,4332.980003603095,551.2834782412536,4388.438780991228,54.0,0.08630086574955662,-0.1011063434393375,0.08584600429574954,-0.09474601762208792,0.015436846713166804,0.05750051527321823
2091,24,395,476.8845411410292,4318.364085281663,558.281918566655,4368.377251679958,54.0,0.08630086574955662,-0.2005322459598686,0.08584600429574954,-0.19317629759997318,0.015436846713166804,0.08389435756264342
2092,16,395,519.0070440168354,4262.203633597157,558.281918566655,4368.377251679958,54.0,0.08630086574955662,-0.1881284264127797,0.08584600429574954,-0.17663071703517677,0.015436846713166804,0.10381098606648217
2093,67,395,614.1933123417826,4407.07660776138,558.281918566655,4368.377251679958,54.0,0.08630086574955662,-0.11503947291467555,0.08584600429574954,-0.10728402142598814,0.015436846713166804,0.055509380963504204
2094,26,395,492.46916862384336,4319.554466150916,558.281918566655,4368.377251679958,54.0,0.08630086574955662,-0.12198097684855963,0.08584600429574954,-0.11447855068671645,0.015436846713166804,0.06654516522072808
2095,68,395,607.5300941255965,4399.875364871049,558.281918566655,4368.377251679958,54.0,0.08630086574955662,-0.07225840459217908,0.08584600429574954,-0.06425055541707098,0.015436846713166804,0.045088835358396404
2096,23,395,504.75274351062166,4332.980003603095,558.281918566655,4368.377251679958,54.0,0.08630086574955662,-0.07730193609600501,0.08584600429574954,-0.07061571421853281,0.015436846713166804,0.04801215619342869
2097,30,395,625.9985091941669,4344.425799606012,558.281918566655,4368.377251679958,54.0,0.08630086574955662,-0.2235857038750484,0.08584600429574954,-0.22053947124673326,0.015436846713166804,0.07595011596498595
2098,56,396,677.3923123197425,4458.591690875839,500.0086033322366,4367.370280777083,54.0,0.08630086574955662,-0.6592342822009055,0.08584600429574954,-0.6511708165709237,0.015436846713166804,0.2159571455915644
2099,16,396,513.1636048475955,4263.301540421994,500.0086033322366,4367.370280777083,54.0,0.08630086574955662,-0.21425605842236242,0.08584600429574954,-0.2085350420892034,0.015436846713166804,0.10425421815258405
2100,67,396,614.1933123417826,4407.07660776138,500.0086033322366,4367.370280777083,54.0,0.08630086574955662,-0.2195044487007109,0.08584600429574954,-0.20926260613101677,0.015436846713166804,0.10316030338407395
2101,24,396,476.8845411410292,4318.364085281663,500.0086033322366,4367.370280777083,54.0,0.08630086574955662,-0.2974043053246936,0.08584600429574954,-0.29717331401482217,0.015436846713166804,0.06280817767355
2102,23,396,492.6610906216525,4339.6404706179,500.0086033322366,4367.370280777083,54.0,0.08630086574955662,-0.17662876043406928,0.08584600429574954,-0.17683890599944047,0.015436846713166804,0.03272202552056656
2103,68,396,607.5300941255965,4399.875364871049,500.0086033322366,4367.370280777083,54.0,0.08630086574955662,-0.16274815540719645,0.08584600429574954,-0.15165490908736665,0.015436846713166804,0.08965689790145076
2104,68,397,607.5300941255965,4399.875364871049,504.0759183332692,4354.886242555075,54.0,0.08630086574955662,-0.1444126829820832,0.08584600429574954,-0.13242760223514313,0.015436846713166804,0.08286256976933659
2105,69,397,685.3230867940251,4391.141433827922,504.0759183332692,4354.886242555075,54.0,0.08630086574955662,-0.5559963341400755,0.08584600429574954,-0.5458201505002983,0.015436846713166804,0.20927997319019154
2106,34,397,645.8872104090177,4370.307858894735,504.0759183332692,4354.886242555075,54.0,0.08630086574955662,-0.316498594883139,0.08584600429574954,-0.30789066780540386,0.015436846713166804,0.1390691707377293
2107,26,397,492.46916862384336,4319.554466150916,504.0759183332692,4354.886242555075,54.0,0.08630086574955662,-0.1428908706147941,0.08584600429574954,-0.14214111092650847,0.015436846713166804,0.04153793596474429
2108,16,397,513.1636048475955,4263.301540421994,504.0759183332692,4354.886242555075,54.0,0.08630086574955662,-0.18183014118263285,0.08584600429574954,-0.1760333428320004,0.015436846713166804,0.091235823219096
2109,35,397,583.2192292927565,4207.570440686977,504.0759183332692,4354.886242555075,54.0,0.08630086574955662,-0.47635065982972474,0.08584600429574954,-0.46916765887960904,0.015436846713166804,0.18942163006962562
2110,29,397,679.1344462972443,4226.875249913833,504.0759183332692,4354.886242555075,54.0,0.08630086574955662,-0.7857930353708086,0.08584600429574954,-0.778680375534816,0.015436846713166804,0.25650913846248846
2111,24,397,476.8845411410292,4318.364085281663,504.0759183332692,4354.886242555075,54.0,0.08630086574955662,-0.20134700326609906,0.08584600429574954,-0.2006528961372088,0.015436846713166804,0.05251800645138803
2112,57,397,688.226455777822,4457.521568699916,504.0759183332692,4354.886242555075,54.0,0.08630086574955662,-0.7046231098259734,0.08584600429574954,-0.6946678641755826,0.015436846713166804,0.22471872821270325
2113,44,397,472.0029937650396,4104.126300266757,504.0759183332692,4354.886242555075,54.0,0.08630086574955662,-0.4725872064702361,0.08584600429574954,-0.4555435691704415,0.015436846713166804,0.23524085597101987
2114,67,397,614.1933123417826,4407.07660776138,504.0759183332692,4354.886242555075,54.0,0.08630086574955662,-0.1933871695334347,0.08584600429574954,-0.18185753273775584,0.015436846713166804,0.0944350570217784
2115,23,397,494.90513919633446,4338.417963407157,504.0759183332692,4354.886242555075,54.0,0.08630086574955662,-0.07321587655356339,0.08584600429574954,-0.07297855424743635,0.015436846713166804,0.020564232138442308
2116,32,397,334.71484028241383,4482.861045979598,504.0759183332692,4354.886242555075,54.0,0.08630086574955662,-0.7749437387484872,0.08584600429574954,-0.7678723683338612,0.015436846713166804,0.2752634425805001
2117,56,397,677.3923123197425,4458.591690875839,504.0759183332692,4354.886242555075,54.0,0.08630086574955662,-0.6446912618391678,0.08584600429574954,-0.6359734344303104,0.015436846713166804,0.2085438252309499
2118,33,397,633.1852302568241,4317.679688677003,504.0759183332692,4354.886242555075,54.0,0.08630086574955662,-0.41891379174522386,0.08584600429574954,-0.41131077828721097,0.015436846713166804,0.13649545202566815
2119,30,397,625.9985091941669,4344.425799606012,504.0759183332692,4354.886242555075,54.0,0.08630086574955662,-0.4028551340251662,0.08584600429574954,-0.3959549403989809,0.015436846713166804,0.11744833520031274
2120,23,398,504.75274351062166,4332.980003603095,580.3012850433586,4369.728357564728,54.0,0.08630086574955662,-0.10471531208747854,0.08584600429574954,-0.09548189105999765,0.015436846713166804,0.06508856990002022
2121,49,398,663.3163926639071,4436.617662823868,580.3012850433586,4369.728357564728,54.0,0.08630086574955662,-0.44091007741261945,0.08584600429574954,-0.4373717046309529,0.015436846713166804,0.12857837083234352
2122,69,398,685.3230867940251,4391.141433827922,580.3012850433586,4369.728357564728,54.0,0.08630086574955662,-0.44689750732673283,0.08584600429574954,-0.4441777544792557,0.015436846713166804,0.14825573233849307
2123,68,398,607.5300941255965,4399.875364871049,580.3012850433586,4369.728357564728,54.0,0.08630086574955662,-0.07262579862570118,0.08584600429574954,-0.06808169196842578,0.015436846713166804,0.03845737189887616
2124,16,398,519.0070440168354,4262.203633597157,580.3012850433586,4369.728357564728,54.0,0.08630086574955662,-0.2614006697185532,0.08584600429574954,-0.2511189832434781,0.015436846713166804,0.12614959485839783
2125,26,398,492.46916862384336,4319.554466150916,580.3012850433586,4369.728357564728,54.0,0.08630086574955662,-0.1479844954307869,0.08584600429574954,-0.1378349100245521,0.015436846713166804,0.08317862283316153
2126,67,398,614.1933123417826,4407.07660776138,580.3012850433586,4369.728357564728,54.0,0.08630086574955662,-0.11428583878470872,0.08584600429574954,-0.11002226199417015,0.015436846713166804,0.04939765066456655
2127,24,398,476.8845411410292,4318.364085281663,580.3012850433586,4369.728357564728,54.0,0.08630086574955662,-0.21827899387069802,0.08584600429574954,-0.20817926190701688,0.015436846713166804,0.10040554055238594
2128,29,398,679.1344462972443,4226.875249913833,580.3012850433586,4369.728357564728,54.0,0.08630086574955662,-0.6703870878150658,0.08584600429574954,-0.6672800692149468,0.015436846713166804,0.22361371786114584
2129,56,398,677.3923123197425,4458.591690875839,580.3012850433586,4369.728357564728,54.0,0.08630086574955662,-0.568294543483202,0.08584600429574954,-0.5648579755071347,0.015436846713166804,0.15880056686062524
2130,30,398,625.9985091941669,4344.425799606012,580.3012850433586,4369.728357564728,54.0,0.08630086574955662,-0.1858251392565836,0.08584600429574954,-0.18573901495782008,0.015436846713166804,0.06230831458011615
2131,44,399,472.0029937650396,4104.126300266757,525.9842509759866,4353.885320843046,54.0,0.08630086574955662,-0.47929505003454814,0.08584600429574954,-0.46132861519521384,0.015436846713166804,0.23854654027558805
2132,67,399,614.1933123417826,4407.07660776138,525.9842509759866,4353.885320843046,54.0,0.08630086574955662,-0.13791251427754592,0.08584600429574954,-0.12532754931917384,0.015436846713166804,0.07481817241999414
2133,37,399,628.569594659982,4182.409690156388,525.9842509759866,4353.885320843046,54.0,0.08630086574955662,-0.7304280902433887,0.08584600429574954,-0.7184052158371316,0.015436846713166804,0.2274291857919771
2134,26,399,492.46916862384336,4319.554466150916,525.9842509759866,4353.885320843046,54.0,0.08630086574955662,-0.11242092661272095,0.08584600429574954,-0.11064703603221758,0.015436846713166804,0.048061334838228324
2135,16,399,513.1636048475955,4263.301540421994,525.9842509759866,4353.885320843046,54.0,0.08630086574955662,-0.16928604564944771,0.08584600429574954,-0.16255139915946581,0.015436846713166804,0.08780816730167422
2136,35,399,583.2192292927565,4207.570440686977,525.9842509759866,4353.885320843046,54.0,0.08630086574955662,-0.4918007412147523,0.08584600429574954,-0.4829699667496335,0.015436846713166804,0.17146121836431785
2137,23,399,504.75274351062166,4332.980003603095,525.9842509759866,4353.885320843046,54.0,0.08630086574955662,-0.05725170262456738,0.08584600429574954,-0.05607516399753671,0.015436846713166804,0.028108908312072935
2138,34,399,645.8872104090177,4370.307858894735,525.9842509759866,4353.885320843046,54.0,0.08630086574955662,-0.2635178287651323,0.08584600429574954,-0.2548552388944577,0.015436846713166804,0.1176421200396405
2139,30,399,625.9985091941669,4344.425799606012,525.9842509759866,4353.885320843046,54.0,0.08630086574955662,-0.3484478932386117,0.08584600429574954,-0.3412697765231715,0.015436846713166804,0.09518986164010665
2140,29,399,679.1344462972443,4226.875249913833,525.9842509759866,4353.885320843046,54.0,0.08630086574955662,-0.6888749491246781,0.08584600429574954,-0.6830764378989667,0.015436846713166804,0.2342201483035499
2141,24,399,476.8845411410292,4318.364085281663,525.9842509759866,4353.885320843046,54.0,0.08630086574955662,-0.18762797971514297,0.08584600429574954,-0.1858428250549303,0.015436846713166804,0.06390164704671944
2142,33,399,633.1852302568241,4317.679688677003,525.9842509759866,4353.885320843046,54.0,0.08630086574955662,-0.3783029205201632,0.08584600429574954,-0.37095759530690015,0.015436846713166804,0.11529785985838208
2143,56,399,677.3923123197425,4458.591690875839,525.9842509759866,4353.885320843046,54.0,0.08630086574955662,-0.5825999558579092,0.08584600429574954,-0.5713426916283633,0.015436846713166804,0.1820839144613888
2144,68,399,607.5300941255965,4399.875364871049,525.9842509759866,4353.885320843046,54.0,0.08630086574955662,-0.0949442063868511,0.08584600429574954,-0.08215214947234066,0.015436846713166804,0.06465124019937703
2145,23,400,504.75274351062166,4332.980003603095,571.0156044926573,4347.517470595766,54.0,0.08630086574955662,-0.0921054209165991,0.08584600429574954,-0.08500469307284533,0.015436846713166804,0.05474942076965182
2146,35,400,583.2192292927565,4207.570440686977,571.0156044926573,4347.517470595766,54.0,0.08630086574955662,-0.6493926676988634,0.08584600429574954,-0.6425659226060096,0.015436846713166804,0.17461616681301298
2147,33,400,633.1852302568241,4317.679688677003,571.0156044926573,4347.517470595766,54.0,0.08630086574955662,-0.362830088954448,0.08584600429574954,-0.3619076009157297,0.015436846713166804,0.08481292176793356
2148,37,400,628.569594659982,4182.409690156388,571.0156044926573,4347.517470595766,54.0,0.08630086574955662,-0.7806385172015096,0.08584600429574954,-0.7715978446094234,0.015436846713166804,0.22404916373801295
2149,16,400,519.0070440168354,4262.203633597157,571.0156044926573,4347.517470595766,54.0,0.08630086574955662,-0.23515932924543037,0.08584600429574954,-0.22746740465238913,0.015436846713166804,0.10555228052379584
2150,67,400,614.1933123417826,4407.07660776138,571.0156044926573,4347.517470595766,54.0,0.08630086574955662,-0.16405412880238962,0.08584600429574954,-0.15893066552019336,0.015436846713166804,0.07439505854039524
2151,68,400,607.5300941255965,4399.875364871049,571.0156044926573,4347.517470595766,54.0,0.08630086574955662,-0.12056283635784398,0.08584600429574954,-0.11515471069696454,0.015436846713166804,0.06221996949085391
2152,56,400,677.3923123197425,4458.591690875839,571.0156044926573,4347.517470595766,54.0,0.08630086574955662,-0.63599156176501,0.08584600429574954,-0.6322909528326912,0.015436846713166804,0.18994832630213615
2153,29,400,679.1344462972443,4226.875249913833,571.0156044926573,4347.517470595766,54.0,0.08630086574955662,-0.6377761235115583,0.08584600429574954,-0.6361426021536829,0.015436846713166804,0.21094886500691137
2154,30,400,625.9985091941669,4344.425799606012,571.0156044926573,4347.517470595766,54.0,0.08630086574955662,-0.3248225682476788,0.08584600429574954,-0.324109612977502,0.015436846713166804,0.06754526795598775
2155,26,400,492.46916862384336,4319.554466150916,571.0156044926573,4347.517470595766,54.0,0.08630086574955662,-0.13511044168411518,0.08584600429574954,-0.12712833757979,0.015436846713166804,0.07209683617197783
2156,24,400,476.8845411410292,4318.364085281663,571.0156044926573,4347.517470595766,54.0,0.08630086574955662,-0.18343371738762107,0.08584600429574954,-0.1752960827438437,0.015436846713166804,0.08868166403816219
2157,34,400,645.8872104090177,4370.307858894735,571.0156044926573,4347.517470595766,54.0,0.08630086574955662,-0.24629814474182993,0.08584600429574954,-0.2441697436583891,0.015436846713166804,0.0919515941819922
2158,44,400,472.0029937650396,4104.126300266757,571.0156044926573,4347.517470595766,54.0,0.08630086574955662,-0.7448036989925405,0.08584600429574954,-0.7300040378290725,0.015436846713166804,0.27244630756651317
2159,56,401,677.3923123197425,4458.591690875839,501.0189302378661,4338.738198947732,54.0,0.08630086574955662,-0.6420075375077892,0.08584600429574954,-0.6300979199160961,0.015436846713166804,0.21014145740601636
2160,24,401,476.8845411410292,4318.364085281663,501.0189302378661,4338.738198947732,54.0,0.08630086574955662,-0.14064597451650182,0.08584600429574954,-0.13998010980431005,0.015436846713166804,0.03727295121861768
2161,16,401,513.1636048475955,4263.301540421994,501.0189302378661,4338.738198947732,54.0,0.08630086574955662,-0.14920901798893177,0.08584600429574954,-0.14380649394289208,0.015436846713166804,0.07608401332018955
2162,26,401,492.46916862384336,4319.554466150916,501.0189302378661,4338.738198947732,54.0,0.08630086574955662,-0.09263754624774868,0.08584600429574954,-0.09214791617305228,0.015436846713166804,0.025180252261111726
2163,35,401,583.2192292927565,4207.570440686977,501.0189302378661,4338.738198947732,54.0,0.08630086574955662,-0.43637881270151335,0.08584600429574954,-0.42970993159118726,0.015436846713166804,0.17751090003019704
2164,67,401,614.1933123417826,4407.07660776138,501.0189302378661,4338.738198947732,54.0,0.08630086574955662,-0.19527653407707593,0.08584600429574954,-0.18174302198048317,0.015436846713166804,0.10233789855400523
2165,29,401,679.1344462972443,4226.875249913833,501.0189302378661,4338.738198947732,54.0,0.08630086574955662,-0.831404579671715,0.08584600429574954,-0.8243728505207083,0.015436846713166804,0.26139855108549964
2166,44,401,472.0029937650396,4104.126300266757,501.0189302378661,4338.738198947732,54.0,0.08630086574955662,-0.4574662016295141,0.08584600429574954,-0.4410840342288596,0.015436846713166804,0.22045186063642447
2167,34,401,645.8872104090177,4370.307858894735,501.0189302378661,4338.738198947732,54.0,0.08630086574955662,-0.3168171356373244,0.08584600429574954,-0.3067744960303061,0.015436846713166804,0.14403271390499994
2168,68,401,607.5300941255965,4399.875364871049,501.0189302378661,4338.738198947732,54.0,0.08630086574955662,-0.15167217530099825,0.08584600429574954,-0.13788769431957384,0.015436846713166804,0.09205490683219893
2169,23,401,499.48170970641536,4335.863907503544,501.0189302378661,4338.738198947732,54.0,0.08630086574955662,-0.009938926882364009,0.08584600429574954,-0.009829115156917185,0.015436846713166804,0.0034178505031823595
2170,32,401,334.71484028241383,4482.861045979598,501.0189302378661,4338.738198947732,54.0,0.08630086574955662,-0.829553574637435,0.08584600429574954,-0.8228584575772615,0.015436846713166804,0.2908175686649015
2171,30,401,625.9985091941669,4344.425799606012,501.0189302378661,4338.738198947732,54.0,0.08630086574955662,-0.40048241036890964,0.08584600429574954,-0.3925815317701637,0.015436846713166804,0.12090454799786499
2172,33,401,633.1852302568241,4317.679688677003,501.0189302378661,4338.738198947732,54.0,0.08630086574955662,-0.39709282498903875,0.08584600429574954,-0.389306881375163,0.015436846713166804,0.13711203871906627
2173,37,401,628.569594659982,4182.409690156388,501.0189302378661,4338.738198947732,54.0,0.08630086574955662,-0.6549208186244252,0.08584600429574954,-0.6426273756802836,0.015436846713166804,0.23867668433803024
2174,23,402,488.22501126970025,4317.7841200222265,488.2077283117417,4317.806340175813,54.0,0.08630086574955662,-0.002196230941388741,0.08584600429574954,-0.0021768431473414107,0.015436846713166804,0.0008016596626116081
2175,24,402,476.8845411410292,4318.364085281663,488.2077283117417,4317.806340175813,54.0,0.08630086574955662,-0.041935083273783647,0.08584600429574954,-0.04156489053013909,0.015436846713166804,0.015306980734728042
2176,16,402,513.1636048475955,4263.301540421994,488.2077283117417,4317.806340175813,54.0,0.08630086574955662,-0.13398047972622118,0.08584600429574954,-0.13040039925199898,0.015436846713166804,0.062325024311663146
2177,56,403,677.3923123197425,4458.591690875839,500.112618383455,4313.336489856109,54.0,0.08630086574955662,-0.6794249379245301,0.08584600429574954,-0.6638835349496005,0.015436846713166804,0.22869268984341823
2178,34,403,645.8872104090177,4370.307858894735,500.112618383455,4313.336489856109,54.0,0.08630086574955662,-0.4218535764095842,0.08584600429574954,-0.4119395074287933,0.015436846713166804,0.1640913679304994
2179,29,403,679.1344462972443,4226.875249913833,500.112618383455,4313.336489856109,54.0,0.08630086574955662,-0.8442299270360522,0.08584600429574954,-0.8370643249752601,0.015436846713166804,0.2537561464075161
2180,23,403,495.32358447372434,4316.001172783029,500.112618383455,4313.336489856109,54.0,0.08630086574955662,-0.017230078697327806,0.08584600429574954,-0.01707282896517834,0.015436846713166804,0.006315007168841046
2181,30,403,625.9985091941669,4344.425799606012,500.112618383455,4313.336489856109,54.0,0.08630086574955662,-0.45862153143523215,0.08584600429574954,-0.451740725751112,0.015436846713166804,0.13956570494462056
2182,67,403,614.1933123417826,4407.07660776138,500.112618383455,4313.336489856109,54.0,0.08630086574955662,-0.22555390142536116,0.08584600429574954,-0.20944055742638845,0.015436846713166804,0.11945502441221353
2183,24,403,476.8845411410292,4318.364085281663,500.112618383455,4313.336489856109,54.0,0.08630086574955662,-0.07767484564911711,0.08584600429574954,-0.07698438709982865,0.015436846713166804,0.028376404640607502
2184,35,403,583.2192292927565,4207.570440686977,500.112618383455,4313.336489856109,54.0,0.08630086574955662,-0.34510052771294075,0.08584600429574954,-0.3391902633577844,0.015436846713166804,0.15130405416444584
2185,43,403,630.0947010611478,4141.259609929846,500.112618383455,4313.336489856109,54.0,0.08630086574955662,-0.5916811103642472,0.08584600429574954,-0.5830167000519336,0.015436846713166804,0.2581363243722709
2186,44,403,472.0029937650396,4104.126300266757,500.112618383455,4313.336489856109,54.0,0.08630086574955662,-0.37730249843447855,0.08584600429574954,-0.3616245006027006,0.015436846713166804,0.19327276404485208
2187,68,403,607.5300941255965,4399.875364871049,500.112618383455,4313.336489856109,54.0,0.08630086574955662,-0.18606562661930667,0.08584600429574954,-0.17005609202084263,0.015436846713166804,0.10905315825460025
2188,26,403,492.46916862384336,4319.554466150916,500.112618383455,4313.336489856109,54.0,0.08630086574955662,-0.03794863635366446,0.08584600429574954,-0.03760654652276747,0.015436846713166804,0.013887329303165693
2189,37,403,628.569594659982,4182.409690156388,500.112618383455,4313.336489856109,54.0,0.08630086574955662,-0.5380079140253485,0.08584600429574954,-0.5275238127191008,0.015436846713166804,0.21530143503855886
2190,33,403,633.1852302568241,4317.679688677003,500.112618383455,4313.336489856109,54.0,0.08630086574955662,-0.5155194627049542,0.08584600429574954,-0.5123211471497418,0.015436846713166804,0.15847659061829156
2191,24,404,476.8845411410292,4318.364085281663,546.047037488337,4320.318029487556,54.0,0.08630086574955662,-0.17748279725748564,0.08584600429574954,-0.1738100407236072,0.015436846713166804,0.076221129766597
2192,23,404,504.75274351062166,4332.980003603095,546.047037488337,4320.318029487556,54.0,0.08630086574955662,-0.07703098504477365,0.08584600429574954,-0.07413342728453144,0.015436846713166804,0.04051834147899717
2193,16,404,519.0070440168354,4262.203633597157,546.047037488337,4320.318029487556,54.0,0.08630086574955662,-0.1411975298923399,0.08584600429574954,-0.13659695798650814,0.015436846713166804,0.06940449193996376
2194,56,404,677.3923123197425,4458.591690875839,546.047037488337,4320.318029487556,54.0,0.08630086574955662,-0.7018443528657636,0.08584600429574954,-0.6943637346687352,0.015436846713166804,0.22586197587039095
2195,49,404,663.3163926639071,4436.617662823868,546.047037488337,4320.318029487556,54.0,0.08630086574955662,-0.573512224159306,0.08584600429574954,-0.566400551915592,0.015436846713166804,0.1946686198442457
2196,30,404,625.9985091941669,4344.425799606012,546.047037488337,4320.318029487556,54.0,0.08630086574955662,-0.40020090266319963,0.08584600429574954,-0.3976976077639993,0.015436846713166804,0.09554563942541236
2197,26,404,492.46916862384336,4319.554466150916,546.047037488337,4320.318029487556,54.0,0.08630086574955662,-0.1287569971779241,0.08584600429574954,-0.12550769865853,0.015436846713166804,0.05847171373022628
2198,29,404,679.1344462972443,4226.875249913833,546.047037488337,4320.318029487556,54.0,0.08630086574955662,-0.7123489447550064,0.08584600429574954,-0.7087938703352555,0.015436846713166804,0.213016956028123
2199,67,404,614.1933123417826,4407.07660776138,546.047037488337,4320.318029487556,54.0,0.08630086574955662,-0.21484170995464014,0.08584600429574954,-0.20513523941285652,0.015436846713166804,0.10572690459921033
2200,68,404,607.5300941255965,4399.875364871049,546.047037488337,4320.318029487556,54.0,0.08630086574955662,-0.17090137419027232,0.08584600429574954,-0.16094251456195147,0.015436846713166804,0.09323832878490822
2201,44,404,472.0029937650396,4104.126300266757,546.047037488337,4320.318029487556,54.0,0.08630086574955662,-0.5733880638290603,0.08584600429574954,-0.5597080487796705,0.015436846713166804,0.22936598211147005
2202,43,404,630.0947010611478,4141.259609929846,546.047037488337,4320.318029487556,54.0,0.08630086574955662,-0.7903272250539951,0.08584600429574954,-0.783392247590733,0.015436846713166804,0.25345715680106806
2203,2,405,-517.6817734392575,3585.1734601257845,-507.2972229471795,3600.671376046247,54.0,0.08630086574955662,-0.062195675156579464,0.08584600429574954,-0.060462651388023245,0.015436846713166804,0.02712118581575346
2204,0,406,-380.9703063248096,3564.41350880075,-499.9524784687832,3578.403458104436,54.0,0.08630086574955662,-0.3811037696235467,0.08584600429574954,-0.3733343035035109,0.015436846713166804,0.1836564345374345
2205,0,407,-380.9703063248096,3564.41350880075,-451.4328774109917,3539.606050872365,54.0,0.08630086574955662,-0.24548067495974424,0.08584600429574954,-0.238473033777319,0.015436846713166804,0.11776573514373276
2206,2,407,-519.9068173174111,3577.3860138103414,-451.4328774109917,3539.606050872365,54.0,0.08630086574955662,-0.29007383018321825,0.08584600429574954,-0.2862586151970071,0.015436846713166804,0.12603852466259968
2207,0,408,-380.9703063248096,3564.41350880075,-517.5789695601553,3525.510166099442,54.0,0.08630086574955662,-0.5152408329528875,0.08584600429574954,-0.5037535320520048,0.015436846713166804,0.2340611786929366
2208,2,408,-519.9068173174111,3577.3860138103414,-517.5789695601553,3525.510166099442,54.0,0.08630086574955662,-0.22162827485286327,0.08584600429574954,-0.22095300748884614,0.015436846713166804,0.08971852809959409
2209,1,409,-521.8490863607117,3587.7366019941664,-521.1800805309396,3510.2303992648426,54.0,0.08630086574955662,-0.32279584703689834,0.08584600429574954,-0.3206585733073853,0.015436846713166804,0.13440764905569874
2210,2,409,-519.9068173174111,3577.3860138103414,-521.1800805309396,3510.2303992648426,54.0,0.08630086574955662,-0.2865870527448803,0.08584600429574954,-0.28543433303151733,0.015436846713166804,0.11868790258639562
2211,2,410,-519.9068173174111,3577.3860138103414,-449.2628013025546,3503.742664831391,54.0,0.08630086574955662,-0.4062496436027916,0.08584600429574954,-0.40169427019230636,0.015436846713166804,0.17287351706610476
2212,0,410,-380.9703063248096,3564.41350880075,-449.2628013025546,3503.742664831391,54.0,0.08630086574955662,-0.30564302426829165,0.08584600429574954,-0.2981733093002877,0.015436846713166804,0.1461849931063454
2213,0,411,-380.9703063248096,3564.41350880075,-485.042933661256,3485.47979782113,54.0,0.08630086574955662,-0.4642518483253019,0.08584600429574954,-0.4545851871525213,0.015436846713166804,0.21698377533490787
2214,2,411,-519.9068173174111,3577.3860138103414,-485.042933661256,3485.47979782113,54.0,0.08630086574955662,-0.42362315500073017,0.08584600429574954,-0.4204843146549972,0.015436846713166804,0.1753693920720912
2215,2,412,-519.9068173174111,3577.3860138103414,-573.8953694348969,3556.3836779114804,54.0,0.08630086574955662,-0.24686353654038054,0.08584600429574954,-0.24460028596148709,0.015436846713166804,0.10685666064626043
2216,1,412,-521.8490863607117,3587.7366019941664,-573.8953694348969,3556.3836779114804,54.0,0.08630086574955662,-0.2592498476771915,0.08584600429574954,-0.2552017218473039,0.015436846713166804,0.11161660138407982
2217,15,413,-219.46475068668764,3910.916163982088,-114.50920843118116,3834.9194074143743,54.0,0.08630086574955662,-0.2746002145935518,0.08584600429574954,-0.2619879355533922,0.015436846713166804,0.13723538757837672
2218,14,413,-191.2861040228232,3920.912450661129,-114.50920843118116,3834.9194074143743,54.0,0.08630086574955662,-0.1601318055153096,0.08584600429574954,-0.14507550209055325,0.015436846713166804,0.10621894343538146
2219,50,413,-32.87294301735424,3776.17863145535,-114.50920843118116,3834.9194074143743,54.0,0.08630086574955662,-0.1844046419101813,0.08584600429574954,-0.16989478651586626,0.015436846713166804,0.10886479166640893
2220,14,414,-191.8510249122208,3920.732064928668,-164.43942656566844,3815.0857932853287,54.0,0.08630086574955662,-0.1981144121310529,0.08584600429574954,-0.18785645656152677,0.015436846713166804,0.11562252146915081
2221,15,414,-219.46475068668764,3910.916163982088,-164.43942656566844,3815.0857932853287,54.0,0.08630086574955662,-0.3292652806764064,0.08584600429574954,-0.3199343267510343,0.015436846713166804,0.1347057169659465
2222,50,415,-32.87294301735424,3776.17863145535,-140.92825652262695,3822.7016028764,54.0,0.08630086574955662,-0.1883363819916538,0.08584600429574954,-0.1726615132291923,0.015436846713166804,0.11805173511520359
2223,14,415,-191.2861040228232,3920.912450661129,-140.92825652262695,3822.7016028764,54.0,0.08630086574955662,-0.16631246709706565,0.08584600429574954,-0.152875400773254,0.015436846713166804,0.10470242468890564
2224,50,416,-32.87294301735424,3776.17863145535,-127.99374614651722,3810.908692759558,54.0,0.08630086574955662,-0.16327154620908246,0.08584600429574954,-0.15013033500646608,0.015436846713166804,0.1015801293216409
2225,14,416,-191.2861040228232,3920.912450661129,-127.99374614651722,3810.908692759558,54.0,0.08630086574955662,-0.18472006410380348,0.08584600429574954,-0.1685256017782106,0.015436846713166804,0.11923335012228234
2226,14,417,-191.8510249122208,3920.732064928668,-152.77957078688812,3803.088929575855,54.0,0.08630086574955662,-0.21262006540154912,0.08584600429574954,-0.1987106081435877,0.015436846713166804,0.12767057659663625
2227,50,417,-32.87294301735424,3776.17863145535,-152.77957078688812,3803.088929575855,54.0,0.08630086574955662,-0.19544926283238503,0.08584600429574954,-0.17710734473374784,0.015436846713166804,0.12451113638959184
2228,15,418,-219.46475068668764,3910.916163982088,-150.0499459232575,3808.954736715893,54.0,0.08630086574955662,-0.3298777998023238,0.08584600429574954,-0.31886765848146725,0.015436846713166804,0.14525707699406284
2229,50,418,-32.87294301735424,3776.17863145535,-150.0499459232575,3808.954736715893,54.0,0.08630086574955662,-0.18801991554472694,0.08584600429574954,-0.17077533215847987,0.015436846713166804,0.12076442981455883
2230,14,418,-191.8510249122208,3920.732064928668,-150.0499459232575,3808.954736715893,54.0,0.08630086574955662,-0.20005671707617306,0.08584600429574954,-0.18654183569937827,0.015436846713166804,0.12062881564080856
2231,18,419,55.99463969610678,3684.4657106501672,-117.20662596065166,3807.599273888803,54.0,0.08630086574955662,-0.6647134044836492,0.08584600429574954,-0.6493659148223848,0.015436846713166804,0.273143209919426
2232,50,419,-32.87294301735424,3776.17863145535,-117.20662596065166,3807.599273888803,54.0,0.08630086574955662,-0.14838327255651879,0.08584600429574954,-0.13648741686279614,0.015436846713166804,0.09114351712245351
2233,50,420,-32.87294301735424,3776.17863145535,-113.68434153160244,3833.1341984416354,54.0,0.08630086574955662,-0.18076846992900297,0.08584600429574954,-0.16660157997350747,0.015436846713166804,0.10661455444039673
2234,2,421,-517.6817734392575,3585.1734601257845,-465.54115273020966,3701.012924955217,54.0,0.08630086574955662,-0.38483376811160447,0.08584600429574954,-0.37632401671042587,0.015436846713166804,0.18733470392478305
2235,0,422,-370.9184736815143,3578.821080117009,-459.2972544242527,3675.036452891449,54.0,0.08630086574955662,-0.47227484113000096,0.08584600429574954,-0.46112902589432747,0.015436846713166804,0.21195860332229402
2236,2,422,-517.6817734392575,3585.1734601257845,-459.2972544242527,3675.036452891449,54.0,0.08630086574955662,-0.34462381116310525,0.08584600429574954,-0.33963430639750697,0.015436846713166804,0.15960293710206566
2237,1,423,-521.8490863607117,3587.7366019941664,-489.2630394051725,3629.7069603146624,54.0,0.08630086574955662,-0.17126267202272896,0.08584600429574954,-0.1681692922848771,0.015436846713166804,0.07728389004245842
2238,0,423,-380.9703063248096,3564.41350880075,-489.2630394051725,3629.7069603146624,54.0,0.08630086574955662,-0.42801971891281254,0.08584600429574954,-0.42199602495189864,0.015436846713166804,0.19085192631640363
2239,2,423,-517.6817734392575,3585.1734601257845,-489.2630394051725,3629.7069603146624,54.0,0.08630086574955662,-0.17003469495593548,0.08584600429574954,-0.16705910911565036,0.015436846713166804,0.07632337806935749
2240,1,424,-521.8490863607117,3587.7366019941664,-500.9029123182427,3614.0747562686,54.0,0.08630086574955662,-0.10934590453367017,0.08584600429574954,-0.10667039619837887,0.015436846713166804,0.04911635043348027
2241,2,424,-517.6817734392575,3585.1734601257845,-500.9029123182427,3614.0747562686,54.0,0.08630086574955662,-0.10624787642748293,0.08584600429574954,-0.10361170989676596,0.015436846713166804,0.04758388211677768
2242,0,424,-380.9703063248096,3564.41350880075,-500.9029123182427,3614.0747562686,54.0,0.08630086574955662,-0.4239679318679571,0.08584600429574954,-0.416150920723566,0.015436846713166804,0.1953742164934319
2243,0,425,-380.9703063248096,3564.41350880075,-465.8928410452483,3608.448596328204,54.0,0.08630086574955662,-0.3198838264103202,0.08584600429574954,-0.31367078391708086,0.015436846713166804,0.14502893236746411
2244,2,426,-517.6817734392575,3585.1734601257845,-500.4398061409101,3634.1145749910206,54.0,0.08630086574955662,-0.16232384962026114,0.08584600429574954,-0.15846968968966704,0.015436846713166804,0.07526483757421726
2245,1,426,-521.8490863607117,3587.7366019941664,-500.4398061409101,3634.1145749910206,54.0,0.08630086574955662,-0.16108727016279295,0.08584600429574954,-0.15730452191339306,0.015436846713166804,0.07496555526823447
2246,2,427,-517.6817734392575,3585.1734601257845,-520.4786475198113,3632.693087605314,54.0,0.08630086574955662,-0.14893285143335863,0.08584600429574954,-0.14539589189417212,0.015436846713166804,0.06882525556361421
2247,1,427,-521.8490863607117,3587.7366019941664,-520.4786475198113,3632.693087605314,54.0,0.08630086574955662,-0.1423275570357351,0.08584600429574954,-0.13898574983618658,0.015436846713166804,0.06600915083599299
2248,2,428,-517.6817734392575,3585.1734601257845,-537.0544473499934,3615.307734486455,54.0,0.08630086574955662,-0.1294383608205938,0.08584600429574954,-0.12629795048153314,0.015436846713166804,0.057682970799227185
2249,1,428,-521.8490863607117,3587.7366019941664,-537.0544473499934,3615.307734486455,54.0,0.08630086574955662,-0.12109624039006436,0.08584600429574954,-0.11823398852677752,0.015436846713166804,0.05395284123089944
2250,20,429,-493.1142633148681,3773.7889738968342,-463.572090848466,3711.004366750517,54.0,0.08630086574955662,-0.18515297399400726,0.08584600429574954,-0.18096267113904896,0.015436846713166804,0.0903628914929529
2251,20,430,-491.6557639897821,3775.103401039669,-428.8814616877872,3709.096178212622,54.0,0.08630086574955662,-0.24497497643256655,0.08584600429574954,-0.23844563329644575,0.015436846713166804,0.12116839383852375
2252,20,431,-493.1142633148681,3773.7889738968342,-452.08297454444494,3697.423498379207,54.0,0.08630086574955662,-0.2280111410168907,0.08584600429574954,-0.22208231931836364,0.015436846713166804,0.11358231070155689
2253,20,432,-493.1142633148681,3773.7889738968342,-434.7429570153381,3690.4541749506434,54.0,0.08630086574955662,-0.2715611439979703,0.08584600429574954,-0.2642975481437863,0.015436846713166804,0.13634379485218556
2254,20,433,-493.1142633148681,3773.7889738968342,-415.8200064632521,3689.100170895516,54.0,0.08630086574955662,-0.31778766532682345,0.08584600429574954,-0.3089993953253144,0.015436846713166804,0.1586372814638729
2255,20,434,-493.1142633148681,3773.7889738968342,-481.8116660349994,3658.097650487473,54.0,0.08630086574955662,-0.3396750412835585,0.08584600429574954,-0.3320815591932679,0.015436846713166804,0.1665748343747388
2256,20,435,-493.1142633148681,3773.7889738968342,-437.4564705482827,3656.797051854789,54.0,0.08630086574955662,-0.367048918707367,0.08584600429574954,-0.35717189915483444,0.015436846713166804,0.18306033649112372
2257,20,436,-493.1142633148681,3773.7889738968342,-450.5410575375657,3640.030741604634,54.0,0.08630086574955662,-0.40915292192623154,0.08584600429574954,-0.4004112674788729,0.015436846713166804,0.20269465267158165
2258,20,437,-493.1142633148681,3773.7889738968342,-463.3957004431066,3657.5357537243694,54.0,0.08630086574955662,-0.3475049196897941,0.08584600429574954,-0.33969743406369307,0.015436846713166804,0.1719113214427736
2259,20,438,-493.1142633148681,3773.7889738968342,-455.237107941275,3675.012391017058,54.0,0.08630086574955662,-0.2876720726749766,0.08584600429574954,-0.2804763079694005,0.015436846713166804,0.1461207450558457
2260,20,439,-493.1142633148681,3773.7889738968342,-477.5301049296806,3698.6923434687433,54.0,0.08630086574955662,-0.22042644573416073,0.08584600429574954,-0.2152739362856353,0.015436846713166804,0.10573500881387514
2261,12,440,339.7794838460253,3807.442051326752,377.93510059593416,3904.1107934632814,54.0,0.08630086574955662,-0.5265079379110925,0.08584600429574954,-0.5232901625020614,0.015436846713166804,0.1660769988951191
2262,25,440,275.18212912654,3848.067080065535,377.93510059593416,3904.1107934632814,54.0,0.08630086574955662,-0.4711282050649901,0.08584600429574954,-0.47143616774442143,0.015436846713166804,0.16062949507430158
2263,5,440,328.01618259779593,3866.898866582476,377.93510059593416,3904.1107934632814,54.0,0.08630086574955662,-0.2774588611349608,0.08584600429574954,-0.2767012877294541,0.015436846713166804,0.09260147242070806
2264,38,440,292.2609771757026,3909.816818957042,377.93510059593416,3904.1107934632814,54.0,0.08630086574955662,-0.2879817866969992,0.08584600429574954,-0.2854337595249832,0.015436846713166804,0.11681107644687885
2265,44,440,482.2902751987267,4093.226876078621,377.93510059593416,3904.1107934632814,54.0,0.08630086574955662,-0.8621030194614459,0.08584600429574954,-0.8570435556511425,0.015436846713166804,0.27002682678648793
2266,38,441,292.2609771757026,3909.816818957042,374.4537251326261,3889.892677250085,54.0,0.08630086574955662,-0.2914100983233272,0.08584600429574954,-0.2894603855455799,0.015436846713166804,0.11363212661653782
2267,44,441,482.2902751987267,4093.226876078621,374.4537251326261,3889.892677250085,54.0,0.08630086574955662,-0.9159215140705921,0.08584600429574954,-0.9103477144578632,0.015436846713166804,0.2937203209252643
2268,25,441,277.62248955885883,3842.902145930757,374.4537251326261,3889.892677250085,54.0,0.08630086574955662,-0.4673866735259528,0.08584600429574954,-0.4685376888196777,0.015436846713166804,0.15161312316310468
2269,13,441,350.3727630331359,3756.461999998863,374.4537251326261,3889.892677250085,54.0,0.08630086574955662,-0.6851551560016526,0.08584600429574954,-0.6819197671035474,0.015436846713166804,0.21955149859021944
2270,53,441,275.4374088407163,3843.51011953928,374.4537251326261,3889.892677250085,54.0,0.08630086574955662,-0.4765585257654456,0.08584600429574954,-0.4777142271326309,0.015436846713166804,0.1550892673202967
2271,5,442,328.01618259779593,3866.898866582476,367.3905705640541,3924.417227622252,54.0,0.08630086574955662,-0.29975625881664364,0.08584600429574954,-0.2986913707467257,0.015436846713166804,0.10238807305663017
2272,12,442,339.7794838460253,3807.442051326752,367.3905705640541,3924.417227622252,54.0,0.08630086574955662,-0.585859644998028,0.08584600429574954,-0.5837963735671969,0.015436846713166804,0.1911701015662823
2273,44,442,482.2902751987267,4093.226876078621,367.3905705640541,3924.417227622252,54.0,0.08630086574955662,-0.8626544579178781,0.08584600429574954,-0.8598491813040042,0.015436846713166804,0.24705091702457901
2274,41,442,461.8106926932424,4070.996636995212,367.3905705640541,3924.417227622252,54.0,0.08630086574955662,-0.7074076720987375,0.08584600429574954,-0.7054914740450227,0.015436846713166804,0.21541632932943905
2275,53,442,275.4374088407163,3843.51011953928,367.3905705640541,3924.417227622252,54.0,0.08630086574955662,-0.47951459064225227,0.08584600429574954,-0.48026697651392025,0.015436846713166804,0.16808021862208986
2276,38,442,292.2609771757026,3909.816818957042,367.3905705640541,3924.417227622252,54.0,0.08630086574955662,-0.24870738797629705,0.08584600429574954,-0.24648616528216638,0.015436846713166804,0.10238956249008431
2277,25,442,275.18212912654,3848.067080065535,367.3905705640541,3924.417227622252,54.0,0.08630086574955662,-0.4572066848108377,0.08584600429574954,-0.4577187075561093,0.015436846713166804,0.16038946042936156
2278,38,443,292.2609771757026,3909.816818957042,332.8834058794852,3942.859446384328,54.0,0.08630086574955662,-0.17378402259208997,0.08584600429574954,-0.17288368119622705,0.015436846713166804,0.06354865231732715
2279,44,443,471.64114524517873,4102.241589239218,332.8834058794852,3942.859446384328,54.0,0.08630086574955662,-0.9235548401642372,0.08584600429574954,-0.9219556916164953,0.015436846713166804,0.2549427878255092
2280,53,443,275.4374088407163,3843.51011953928,332.8834058794852,3942.859446384328,54.0,0.08630086574955662,-0.3894681970826456,0.08584600429574954,-0.38873326393437446,0.015436846713166804,0.13965560474846075
2281,25,443,275.18212912654,3848.067080065535,332.8834058794852,3942.859446384328,54.0,0.08630086574955662,-0.37059675123500696,0.08584600429574954,-0.3695586714072155,0.015436846713166804,0.13192213903735212
2282,66,444,493.8518825171933,3956.000689079267,330.5428326799933,3946.044034599065,54.0,0.08630086574955662,-0.7227247870746955,0.08584600429574954,-0.720806240786247,0.015436846713166804,0.2264760822457769
2283,41,444,461.8106926932424,4070.996636995212,330.5428326799933,3946.044034599065,54.0,0.08630086574955662,-0.7954647948412784,0.08584600429574954,-0.7932170490255386,0.015436846713166804,0.2232696590845375
2284,39,444,491.6009153175041,3965.873607703836,330.5428326799933,3946.044034599065,54.0,0.08630086574955662,-0.76261063009094,0.08584600429574954,-0.7632090773039986,0.015436846713166804,0.22277669649477178
2285,63,444,316.49031405012005,3929.154743051912,330.5428326799933,3946.044034599065,54.0,0.08630086574955662,-0.10676262774255474,0.08584600429574954,-0.10663956119229781,0.015436846713166804,0.034619782345073465
2286,38,444,292.2609771757026,3909.816818957042,330.5428326799933,3946.044034599065,54.0,0.08630086574955662,-0.17545755830761794,0.08584600429574954,-0.17496961387196344,0.015436846713166804,0.06358528977049462
2287,25,444,275.18212912654,3848.067080065535,330.5428326799933,3946.044034599065,54.0,0.08630086574955662,-0.3729898770809901,0.08584600429574954,-0.37229774171547253,0.015436846713166804,0.1326835324438813
2288,19,444,309.4846467710166,4112.556925703692,330.5428326799933,3946.044034599065,54.0,0.08630086574955662,-0.7406930003628351,0.08584600429574954,-0.7418116655350678,0.015436846713166804,0.2059745547228703
2289,53,444,275.4374088407163,3843.51011953928,330.5428326799933,3946.044034599065,54.0,0.08630086574955662,-0.391830811868079,0.08584600429574954,-0.39145026864755655,0.015436846713166804,0.14041689148587322
2290,44,444,470.9318574712719,4102.798680980681,330.5428326799933,3946.044034599065,54.0,0.08630086574955662,-0.9173838982022853,0.08584600429574954,-0.9161981223926327,0.015436846713166804,0.25348831311148606
2291,63,445,316.49031405012005,3929.154743051912,322.3749110256175,3921.0794967894303,54.0,0.08630086574955662,-0.05612391482933178,0.08584600429574954,-0.05593303448270606,0.015436846713166804,0.023531341913466484
2292,53,445,275.4374088407163,3843.51011953928,322.3749110256175,3921.0794967894303,54.0,0.08630086574955662,-0.29870534395114273,0.08584600429574954,-0.29899034357016313,0.015436846713166804,0.11045662013472124
2293,25,445,275.18212912654,3848.067080065535,322.3749110256175,3921.0794967894303,54.0,0.08630086574955662,-0.2795511910864552,0.08584600429574954,-0.2794724917574864,0.015436846713166804,0.10254389306600831
2294,38,445,292.2609771757026,3909.816818957042,322.3749110256175,3921.0794967894303,54.0,0.08630086574955662,-0.08455914069284624,0.08584600429574954,-0.08314932582548465,0.015436846713166804,0.03952194288746616
2295,44,445,476.6967986310135,4098.010594457248,322.3749110256175,3921.0794967894303,54.0,0.08630086574955662,-1.0194867967861188,0.08584600429574954,-1.0151068717012106,0.015436846713166804,0.2846428229834184
2296,63,446,316.49031405012005,3929.154743051912,329.7498578052424,3915.277424063791,54.0,0.08630086574955662,-0.07903630893579772,0.08584600429574954,-0.07868020095878306,0.015436846713166804,0.03274723270347266
2297,25,446,275.18212912654,3848.067080065535,329.7498578052424,3915.277424063791,54.0,0.08630086574955662,-0.294992884409747,0.08584600429574954,-0.2957734049935868,0.015436846713166804,0.10589058478329631
2298,44,446,482.2902751987267,4093.226876078621,329.7498578052424,3915.277424063791,54.0,0.08630086574955662,-1.02861491133708,0.08584600429574954,-1.0238523959157542,0.015436846713166804,0.2864637446029561
2299,53,446,275.4374088407163,3843.51011953928,329.7498578052424,3915.277424063791,54.0,0.08630086574955662,-0.3139541500904407,0.08584600429574954,-0.31514656198267466,0.015436846713166804,0.11376842464203105
2300,38,446,292.2609771757026,3909.816818957042,329.7498578052424,3915.277424063791,54.0,0.08630086574955662,-0.10251415280270512,0.08584600429574954,-0.1009974908262899,0.015436846713166804,0.04702836210303419
2301,38,447,292.2609771757026,3909.816818957042,337.993275290487,3925.832516910632,54.0,0.08630086574955662,-0.13979384350134466,0.08584600429574954,-0.13800543532488768,0.015436846713166804,0.06080103510016904
2302,63,447,316.49031405012005,3929.154743051912,337.993275290487,3925.832516910632,54.0,0.08630086574955662,-0.11271479068640529,0.08584600429574954,-0.1120969967654889,0.015436846713166804,0.03539017180297077
2303,53,447,275.4374088407163,3843.51011953928,337.993275290487,3925.832516910632,54.0,0.08630086574955662,-0.3623957008813017,0.08584600429574954,-0.3633578435757736,0.015436846713166804,0.13249405939621034
2304,44,447,482.2902751987267,4093.226876078621,337.993275290487,3925.832516910632,54.0,0.08630086574955662,-0.9806008210456446,0.08584600429574954,-0.9760326376411662,0.015436846713166804,0.26738272644200256
2305,25,447,275.18212912654,3848.067080065535,337.993275290487,3925.832516910632,54.0,0.08630086574955662,-0.343156556771225,0.08584600429574954,-0.34367282540871946,0.015436846713166804,0.12463315698461598
2306,50,448,-32.87294301735424,3776.17863145535,-124.42297810413304,3730.045518548472,54.0,0.08630086574955662,-0.3200666063758704,0.08584600429574954,-0.31323893350317067,0.015436846713166804,0.14706271159661927
2307,50,449,-32.87294301735424,3776.17863145535,-136.7121078328898,3704.366146835558,54.0,0.08630086574955662,-0.43359864722791613,0.08584600429574954,-0.42753932808747513,0.015436846713166804,0.19202142957327017
2308,14,449,-191.8510249122208,3920.732064928668,-136.7121078328898,3704.366146835558,54.0,0.08630086574955662,-0.4989881289322395,0.08584600429574954,-0.47989724599685474,0.015436846713166804,0.2759603112362742
2309,14,450,-191.8510249122208,3920.732064928668,-205.2490753627829,3731.957027743968,54.0,0.08630086574955662,-0.43073025359575956,0.08584600429574954,-0.4127007561689202,0.015436846713166804,0.23873032908743935
2310,14,451,-191.8510249122208,3920.732064928668,-209.44442407532304,3763.734670847895,54.0,0.08630086574955662,-0.38970862956404617,0.08584600429574954,-0.3790802269775756,0.015436846713166804,0.19850892424417743
2311,14,452,-191.8510249122208,3920.732064928668,-227.38656380507663,3742.529007510596,54.0,0.08630086574955662,-0.5463452240438391,0.08584600429574954,-0.5357777374717269,0.015436846713166804,0.23623026791564142
2312,14,453,-191.8510249122208,3920.732064928668,-217.924998653439,3721.48468016429,54.0,0.08630086574955662,-0.537436979876298,0.08584600429574954,-0.5223922630010147,0.015436846713166804,0.26532680615501825
2313,14,454,-191.8510249122208,3920.732064928668,-254.5992470950275,3724.926488861847,54.0,0.08630086574955662,-0.7401643987916628,0.08584600429574954,-0.7302901808669089,0.015436846713166804,0.28160273738968233
2314,14,455,-191.8510249122208,3920.732064928668,-248.90370498422487,3701.920243170104,54.0,0.08630086574955662,-0.7777381721275742,0.08584600429574954,-0.7675485898349075,0.015436846713166804,0.31635750699971266
2315,14,456,-191.8510249122208,3920.732064928668,-173.77161208253168,3762.098398234272,54.0,0.08630086574955662,-0.34138095388668743,0.08584600429574954,-0.3271684067635199,0.015436846713166804,0.1919897498749841
2316,14,457,-191.8510249122208,3920.732064928668,-139.37097608890187,3732.660382688684,54.0,0.08630086574955662,-0.39659540916915004,0.08584600429574954,-0.3781978916615308,0.015436846713166804,0.22643321914783543
2317,18,457,55.99463969610678,3684.4657106501672,-139.37097608890187,3732.660382688684,54.0,0.08630086574955662,-0.875295028317139,0.08584600429574954,-0.8692543472360175,0.015436846713166804,0.3267408810294415
2318,14,458,-191.8510249122208,3920.732064928668,-208.37184709731315,3756.058669231986,54.0,0.08630086574955662,-0.39700645592463624,0.08584600429574954,-0.3845023196081293,0.015436846713166804,0.20805005409248797
2319,14,459,-191.8510249122208,3920.732064928668,-229.31829350277152,3750.8465259771865,54.0,0.08630086574955662,-0.5446114980530112,0.08584600429574954,-0.5346240534395791,0.015436846713166804,0.22637382437867223
2320,14,460,-191.8510249122208,3920.732064928668,-252.1369190391436,3688.5883507247336,54.0,0.08630086574955662,-0.8331970059797982,0.08584600429574954,-0.8217790566909249,0.015436846713166804,0.3416119707061236
2321,50,461,-32.87294301735424,3776.17863145535,-137.46750195522293,3704.002702190223,54.0,0.08630086574955662,-0.43605792468959487,0.08584600429574954,-0.4299320845404803,0.015436846713166804,0.19331325630932014
2322,14,462,-191.2861040228232,3920.912450661129,-33.590986472347865,3971.2525348924646,54.0,0.08630086574955662,-0.66457119094183,0.08584600429574954,-0.6594481640429426,0.015436846713166804,0.2458641417685738
2323,14,463,-191.2861040228232,3920.912450661129,-16.824029787276814,3963.134227295509,54.0,0.08630086574955662,-0.7435870699250369,0.08584600429574954,-0.7376043345073714,0.015436846713166804,0.2645851072591662
2324,9,463,9.936533141897351,4088.226647492491,-16.824029787276814,3963.134227295509,54.0,0.08630086574955662,-0.6928386454421316,0.08584600429574954,-0.6904739734287714,0.015436846713166804,0.2058210988558662
2325,14,464,-191.2861040228232,3920.912450661129,-9.289119488028984,3940.320299022696,54.0,0.08630086574955662,-0.7276718711433313,0.08584600429574954,-0.7234202949508738,0.015436846713166804,0.2611218690335331
2326,14,465,-191.2861040228232,3920.912450661129,19.125675470905552,3919.7887611732062,54.0,0.08630086574955662,-0.7290575988328118,0.08584600429574954,-0.7224614898161309,0.015436846713166804,0.29125343937392867
2327,14,466,-191.2861040228232,3920.912450661129,-9.962046074219687,3916.4328558182974,54.0,0.08630086574955662,-0.6020245458842018,0.08584600429574954,-0.5964447388280348,0.015436846713166804,0.24572175584983263
2328,14,467,-191.2861040228232,3920.912450661129,-0.9972580126813264,3905.066613170967,54.0,0.08630086574955662,-0.6448224294734295,0.08584600429574954,-0.6390242782031377,0.015436846713166804,0.26057944026268054
2329,14,468,-191.2861040228232,3920.912450661129,24.09847480128595,3908.844200854287,54.0,0.08630086574955662,-0.7515225600671477,0.08584600429574954,-0.7447090111310714,0.015436846713166804,0.2995204962564474
2330,14,469,-191.2861040228232,3920.912450661129,26.96307308495755,3884.908015639917,54.0,0.08630086574955662,-0.7237968175869589,0.08584600429574954,-0.7162529225203367,0.015436846713166804,0.30197865834403487
2331,21,470,103.34699834515416,4117.964937310308,-33.030051360718204,3947.101925740972,54.0,0.08630086574955662,-1.0001094082428021,0.08584600429574954,-0.9936096372698254,0.015436846713166804,0.3177653264064814
2332,14,470,-191.2861040228232,3920.912450661129,-33.030051360718204,3947.101925740972,54.0,0.08630086574955662,-0.6001734790626051,0.08584600429574954,-0.5965324149400023,0.015436846713166804,0.22951269475064812
2333,21,471,103.34699834515416,4117.964937310308,-20.440069871896064,3967.068915194426,54.0,0.08630086574955662,-0.8502049451516476,0.08584600429574954,-0.8437090024406159,0.015436846713166804,0.27968678049258583
2334,14,471,-191.2861040228232,3920.912450661129,-20.440069871896064,3967.068915194426,54.0,0.08630086574955662,-0.7317343656620576,0.08584600429574954,-0.7258148879502276,0.015436846713166804,0.26194798355164844
2335,14,472,-191.2861040228232,3920.912450661129,-33.601502441691814,3923.5780514405496,54.0,0.08630086574955662,-0.4969786136718526,0.08584600429574954,-0.49179930196500987,0.015436846713166804,0.20822836231958997
2336,14,473,-191.2861040228232,3920.912450661129,4.130621068015404,3916.458977597719,54.0,0.08630086574955662,-0.6649962197591316,0.08584600429574954,-0.6590224336166091,0.015436846713166804,0.2677920993769395
2337,18,473,55.99463969610678,3684.4657106501672,4.130621068015404,3916.458977597719,54.0,0.08630086574955662,-0.6109142069603216,0.08584600429574954,-0.5921269309568289,0.015436846713166804,0.300929155066491
2338,21,474,103.34699834515416,4117.964937310308,-40.82216668190109,3965.090048211267,54.0,0.08630086574955662,-0.933714806672954,0.08584600429574954,-0.9246469181442865,0.015436846713166804,0.3063195287069917
2339,18,475,55.99463969610678,3684.4657106501672,-3.2682886956830624,3892.179388681665,54.0,0.08630086574955662,-0.5335410376598151,0.08584600429574954,-0.5178755059834563,0.015436846713166804,0.26945109869938655
2340,25,476,264.330530090726,3842.899620060988,90.0285824981926,3885.374004932618,54.0,0.08630086574955662,-0.8597527038364079,0.08584600429574954,-0.8600826673337503,0.015436846713166804,0.24686747543328336
2341,25,477,264.330530090726,3842.899620060988,83.86670580001751,3866.630653839721,54.0,0.08630086574955662,-0.9431390254441254,0.08584600429574954,-0.9429641467496406,0.015436846713166804,0.24978444832463995
2342,14,478,-191.2861040228232,3920.912450661129,52.79801574862894,3858.169085806702,54.0,0.08630086574955662,-0.7769805848006548,0.08584600429574954,-0.7698099341888616,0.015436846713166804,0.34501576015009217
2343,25,478,264.330530090726,3842.899620060988,52.79801574862894,3858.169085806702,54.0,0.08630086574955662,-1.106180170392253,0.08584600429574954,-1.1025980230394168,0.015436846713166804,0.295267696911891
2344,25,479,264.330530090726,3842.899620060988,72.4423782875265,3843.4141825954302,54.0,0.08630086574955662,-1.100798699178769,0.08584600429574954,-1.0995404114565104,0.015436846713166804,0.27027146054784756
2345,50,479,-32.87294301735424,3776.17863145535,72.4423782875265,3843.4141825954302,54.0,0.08630086574955662,-0.37683912418733645,0.08584600429574954,-0.36676881442866405,0.015436846713166804,0.16846747569075013
2346,14,480,-191.2861040228232,3920.912450661129,51.330164428461806,3842.748038309236,54.0,0.08630086574955662,-0.7713154933570292,0.08584600429574954,-0.7628892397297479,0.015436846713166804,0.34657622880179145
2347,25,480,264.330530090726,3842.899620060988,51.330164428461806,3842.748038309236,54.0,0.08630086574955662,-1.1571605269526375,0.08584600429574954,-1.152881427569282,0.015436846713166804,0.2992973743753128
2348,50,481,-32.87294301735424,3776.17863145535,71.0063011612224,3819.538010924277,54.0,0.08630086574955662,-0.3458592969628578,0.08584600429574954,-0.3384917399375901,0.015436846713166804,0.14841203727718077
2349,50,482,-32.87294301735424,3776.17863145535,53.97552747189277,3779.7778986115927,54.0,0.08630086574955662,-0.2794628403619848,0.08584600429574954,-0.2736032543637377,0.015436846713166804,0.11203659363076443
2350,50,483,-32.87294301735424,3776.17863145535,29.84882850616204,3760.0903002068953,54.0,0.08630086574955662,-0.2625448065002439,0.08584600429574954,-0.2612732091257076,0.015436846713166804,0.09171155165866951
2351,50,484,-32.87294301735424,3776.17863145535,70.84382095259998,3812.213793609557,54.0,0.08630086574955662,-0.33862226108966786,0.08584600429574954,-0.33108744161256554,0.015436846713166804,0.1439226503874145
2352,21,485,103.34699834515416,4117.964937310308,85.15373079383198,3880.811543855472,54.0,0.08630086574955662,-0.8496639369044923,0.08584600429574954,-0.8392886839474372,0.015436846713166804,0.33408821643892506
2353,25,485,264.330530090726,3842.899620060988,85.15373079383198,3880.811543855472,54.0,0.08630086574955662,-0.8895899582165782,0.08584600429574954,-0.8895511347485634,0.015436846713166804,0.2517415284150886
2354,18,485,55.99463969610678,3684.4657106501672,85.15373079383198,3880.811543855472,54.0,0.08630086574955662,-0.40426511302852647,0.08584600429574954,-0.38309955334313167,0.015436846713166804,0.22656908619883911
2355,18,486,55.99463969610678,3684.4657106501672,68.21929053265893,3857.2635974168033,54.0,0.08630086574955662,-0.3252714413050693,0.08584600429574954,-0.3012375346442303,0.015436846713166804,0.19468485494735108
2356,18,487,55.99463969610678,3684.4657106501672,74.94999357907247,3832.562273689816,54.0,0.08630086574955662,-0.2611121937149501,0.08584600429574954,-0.24017956407939198,0.015436846713166804,0.16140753835809665
2357,18,488,65.71430741031881,3682.247405457888,93.9798506618169,3810.153790083169,54.0,0.08630086574955662,-0.24868893104918294,0.08584600429574954,-0.2319281951293259,0.015436846713166804,0.1440876200752237
2358,25,489,264.330530090726,3842.899620060988,53.99348219513684,3779.765921014686,54.0,0.08630086574955662,-1.1094249634102484,0.08584600429574954,-1.1030752910691117,0.015436846713166804,0.3136163546103068
2359,18,489,55.99463969610678,3684.4657106501672,53.99348219513684,3779.765921014686,54.0,0.08630086574955662,-0.13348556367610004,0.08584600429574954,-0.11804440473254177,0.015436846713166804,0.09051760554600731
2360,50,489,-32.87294301735424,3776.17863145535,53.99348219513684,3779.765921014686,54.0,0.08630086574955662,-0.2795006408078005,0.08584600429574954,-0.27363953513685607,0.015436846713166804,0.11205844598919587
2361,50,490,-32.87294301735424,3776.17863145535,70.31493711953587,3811.7486463338,54.0,0.08630086574955662,-0.3370182024386456,0.08584600429574954,-0.32952666609142467,0.015436846713166804,0.14300942601091224
2362,18,490,55.99463969610678,3684.4657106501672,70.31493711953587,3811.7486463338,54.0,0.08630086574955662,-0.2079146896042561,0.08584600429574954,-0.18943779730390514,0.015436846713166804,0.13262957963971375
2363,18,491,88.69171925490903,3677.2469468152663,115.16205876560493,3798.270755871877,54.0,0.08630086574955662,-0.22988647417322847,0.08584600429574954,-0.21262729437513778,0.015436846713166804,0.1416125890041724
2364,18,492,55.99463969610678,3684.4657106501672,87.2451405287995,3831.494039957056,54.0,0.08630086574955662,-0.2842128238155738,0.08584600429574954,-0.2652802034349873,0.015436846713166804,0.16271231966044553
2365,18,493,55.99463969610678,3684.4657106501672,36.476303073102144,3747.298457980633,54.0,0.08630086574955662,-0.09465547447698948,0.08584600429574954,-0.08460828204657689,0.015436846713166804,0.06418346618624828
2366,50,493,-32.87294301735424,3776.17863145535,36.476303073102144,3747.298457980633,54.0,0.08630086574955662,-0.2878679980176396,0.08584600429574954,-0.285534611149311,0.015436846713166804,0.10344718627117329
2367,21,494,103.34699834515416,4117.964937310308,81.42211507964093,3862.904094352834,54.0,0.08630086574955662,-0.9044380556896477,0.08584600429574954,-0.8931748222421928,0.015436846713166804,0.35986536403711167
2368,18,494,55.99463969610678,3684.4657106501672,81.42211507964093,3862.904094352834,54.0,0.08630086574955662,-0.35278167692075957,0.08584600429574954,-0.3324483438476582,0.015436846713166804,0.20182698786670594
2369,25,494,264.330530090726,3842.899620060988,81.42211507964093,3862.904094352834,54.0,0.08630086574955662,-0.9816762660755193,0.08584600429574954,-0.9812375416556527,0.015436846713166804,0.2537219480044172
2370,26,495,492.46916862384336,4319.554466150916,549.2870939563649,4305.9995539661,54.0,0.08630086574955662,-0.13903742313480721,0.08584600429574954,-0.1354652969219507,0.015436846713166804,0.06355205864587832
2371,34,495,645.8872104090177,4370.307858894735,549.2870939563649,4305.9995539661,54.0,0.08630086574955662,-0.5474135159457701,0.08584600429574954,-0.5450759983005463,0.015436846713166804,0.13993504812970767
2372,30,495,625.9985091941669,4344.425799606012,549.2870939563649,4305.9995539661,54.0,0.08630086574955662,-0.47011334214536893,0.08584600429574954,-0.47003605401243836,0.015436846713166804,0.1031158806318102
2373,7,495,477.9085898257795,4404.037580305916,549.2870939563649,4305.9995539661,54.0,0.08630086574955662,-0.3913398243655266,0.08584600429574954,-0.38616027675543285,0.015436846713166804,0.12049342411076944
2374,37,495,628.569594659982,4182.409690156388,549.2870939563649,4305.9995539661,54.0,0.08630086574955662,-0.6423904333236012,0.08584600429574954,-0.6358761364565988,0.015436846713166804,0.1861825845504098
2375,29,495,679.1344462972443,4226.875249913833,549.2870939563649,4305.9995539661,54.0,0.08630086574955662,-0.7233558361371537,0.08584600429574954,-0.7194332344138601,0.015436846713166804,0.2029924023481597
2376,44,495,472.0029937650396,4104.126300266757,549.2870939563649,4305.9995539661,54.0,0.08630086574955662,-0.5769346302139038,0.08584600429574954,-0.5646851342949446,0.015436846713166804,0.22039669989653352
2377,33,495,633.1852302568241,4317.679688677003,549.2870939563649,4305.9995539661,54.0,0.08630086574955662,-0.41434620413438783,0.08584600429574954,-0.41442364400132575,0.015436846713166804,0.10795325272776296
2378,56,495,677.3923123197425,4458.591690875839,549.2870939563649,4305.9995539661,54.0,0.08630086574955662,-0.8393871336473406,0.08584600429574954,-0.8344272887532803,0.015436846713166804,0.24484590587509006
2379,24,495,476.8845411410292,4318.364085281663,549.2870939563649,4305.9995539661,54.0,0.08630086574955662,-0.18662758151673814,0.08584600429574954,-0.18267252669148654,0.015436846713166804,0.08072021615920016
2380,23,495,503.6303432677425,4330.870903253777,549.2870939563649,4305.9995539661,54.0,0.08630086574955662,-0.10914756492837209,0.08584600429574954,-0.10594683405728984,0.015436846713166804,0.05390043605929692
2381,43,495,630.0947010611478,4141.259609929846,549.2870939563649,4305.9995539661,54.0,0.08630086574955662,-0.7415041025232278,0.08584600429574954,-0.7352369942502753,0.015436846713166804,0.2380721657230126
2382,35,495,583.2192292927565,4207.570440686977,549.2870939563649,4305.9995539661,54.0,0.08630086574955662,-0.46561477288503716,0.08584600429574954,-0.46357676406350357,0.015436846713166804,0.1329097207364568
2383,30,496,625.9985091941669,4344.425799606012,544.4098499221095,4286.51728713991,54.0,0.08630086574955662,-0.5614292400945489,0.08584600429574954,-0.5622548926838128,0.015436846713166804,0.12229059839494116
2384,34,496,645.8872104090177,4370.307858894735,544.4098499221095,4286.51728713991,54.0,0.08630086574955662,-0.6707782552437567,0.08584600429574954,-0.6692495814683759,0.015436846713166804,0.16163844933069146
2385,37,496,628.569594659982,4182.409690156388,544.4098499221095,4286.51728713991,54.0,0.08630086574955662,-0.5109730136616211,0.08584600429574954,-0.503070124548699,0.015436846713166804,0.1682306104036997
2386,26,496,492.46916862384336,4319.554466150916,544.4098499221095,4286.51728713991,54.0,0.08630086574955662,-0.1531371253869197,0.08584600429574954,-0.14894210157973403,0.015436846713166804,0.06742264286773308
2387,33,496,633.1852302568241,4317.679688677003,544.4098499221095,4286.51728713991,54.0,0.08630086574955662,-0.49808101463752086,0.08584600429574954,-0.4977229098655843,0.015436846713166804,0.12255597254037172
2388,35,496,583.2192292927565,4207.570440686977,544.4098499221095,4286.51728713991,54.0,0.08630086574955662,-0.3241175041127104,0.08584600429574954,-0.3213054299285269,0.015436846713166804,0.10976840549543224
2389,29,496,679.1344462972443,4226.875249913833,544.4098499221095,4286.51728713991,54.0,0.08630086574955662,-0.7182988337932159,0.08584600429574954,-0.7141597442937224,0.015436846713166804,0.1976150211591869
2390,24,496,476.8845411410292,4318.364085281663,544.4098499221095,4286.51728713991,54.0,0.08630086574955662,-0.18829860589039227,0.08584600429574954,-0.1835220885719868,0.015436846713166804,0.08073961301347106
2391,7,496,477.9085898257795,4404.037580305916,544.4098499221095,4286.51728713991,54.0,0.08630086574955662,-0.47745547188242,0.08584600429574954,-0.4727159215666616,0.015436846713166804,0.14330895045549974
2392,23,496,494.196311185903,4314.004446640305,544.4098499221095,4286.51728713991,54.0,0.08630086574955662,-0.13610890616546673,0.08584600429574954,-0.13196737534552047,0.015436846713166804,0.061305619595700536
2393,29,497,679.1344462972443,4226.875249913833,526.9955380856456,4287.393509187453,54.0,0.08630086574955662,-0.7406267048371286,0.08584600429574954,-0.7337550411534008,0.015436846713166804,0.21485481761013478
2394,37,497,628.569594659982,4182.409690156388,526.9955380856456,4287.393509187453,54.0,0.08630086574955662,-0.4700035362533534,0.08584600429574954,-0.4624866202046169,0.015436846713166804,0.17876130750518632
2395,26,497,492.46916862384336,4319.554466150916,526.9955380856456,4287.393509187453,54.0,0.08630086574955662,-0.1068230173463476,0.08584600429574954,-0.10341982476120674,0.015436846713166804,0.04895239712011261
2396,44,497,472.0029937650396,4104.126300266757,526.9955380856456,4287.393509187453,54.0,0.08630086574955662,-0.44431587449176924,0.08584600429574954,-0.43241127789994105,0.015436846713166804,0.18392995010523522
2397,34,497,645.8872104090177,4370.307858894735,526.9955380856456,4287.393509187453,54.0,0.08630086574955662,-0.6267969678278129,0.08584600429574954,-0.6223822952402172,0.015436846713166804,0.1716904520290277
2398,43,497,630.0947010611478,4141.259609929846,526.9955380856456,4287.393509187453,54.0,0.08630086574955662,-0.5341871453998958,0.08584600429574954,-0.5286100819854618,0.015436846713166804,0.22415195028621895
2399,30,497,625.9985091941669,4344.425799606012,526.9955380856456,4287.393509187453,54.0,0.08630086574955662,-0.5424940630792471,0.08584600429574954,-0.5405056553302987,0.015436846713166804,0.13379056156732055
2400,7,497,477.9085898257795,4404.037580305916,526.9955380856456,4287.393509187453,54.0,0.08630086574955662,-0.5114388612197664,0.08584600429574954,-0.5072702738464183,0.015436846713166804,0.13488342303255157
2401,24,497,476.8845411410292,4318.364085281663,526.9955380856456,4287.393509187453,54.0,0.08630086574955662,-0.14093171055403003,0.08584600429574954,-0.1371169278555577,0.015436846713166804,0.061241847541611744
2402,33,497,633.1852302568241,4317.679688677003,526.9955380856456,4287.393509187453,54.0,0.08630086574955662,-0.5131582130367496,0.08584600429574954,-0.5118884230749448,0.015436846713166804,0.13839167037144837
2403,35,497,583.2192292927565,4207.570440686977,526.9955380856456,4287.393509187453,54.0,0.08630086574955662,-0.2931592702754737,0.08584600429574954,-0.2902490605371137,0.015436846713166804,0.11735520798125701
2404,23,497,490.5503478417671,4307.460726632768,526.9955380856456,4287.393509187453,54.0,0.08630086574955662,-0.08401511894858422,0.08584600429574954,-0.08063232582159349,0.015436846713166804,0.0405600018008926
2405,43,498,630.0947010611478,4141.259609929846,502.3554500387008,4287.081754576032,54.0,0.08630086574955662,-0.5629246568140109,0.08584600429574954,-0.55593396592242,0.015436846713166804,0.2366938303721624
2406,26,498,492.46916862384336,4319.554466150916,502.3554500387008,4287.081754576032,54.0,0.08630086574955662,-0.0886788951640765,0.08584600429574954,-0.08692434922669853,0.015436846713166804,0.036856802595973515
2407,37,498,628.569594659982,4182.409690156388,502.3554500387008,4287.081754576032,54.0,0.08630086574955662,-0.42521115514969976,0.08584600429574954,-0.4183114516667492,0.015436846713166804,0.19185866121360093
2408,29,498,679.1344462972443,4226.875249913833,502.3554500387008,4287.081754576032,54.0,0.08630086574955662,-0.7524669689884851,0.08584600429574954,-0.7427536511437631,0.015436846713166804,0.2349282508288988
2409,30,498,625.9985091941669,4344.425799606012,502.3554500387008,4287.081754576032,54.0,0.08630086574955662,-0.5429126352460902,0.08584600429574954,-0.5378359807610932,0.015436846713166804,0.1496038245169678
2410,35,498,583.2192292927565,4207.570440686977,502.3554500387008,4287.081754576032,54.0,0.08630086574955662,-0.3059539123173743,0.08584600429574954,-0.301782458101241,0.015436846713166804,0.1303401496603304
2411,24,498,476.8845411410292,4318.364085281663,502.3554500387008,4287.081754576032,54.0,0.08630086574955662,-0.108301656629336,0.08584600429574954,-0.10656733671760017,0.015436846713166804,0.044580882456441054
2412,33,498,633.1852302568241,4317.679688677003,502.3554500387008,4287.081754576032,54.0,0.08630086574955662,-0.5194002397005251,0.08584600429574954,-0.5149547531829819,0.015436846713166804,0.15674562086776037
2413,8,498,404.480912881415,4338.111065579622,502.3554500387008,4287.081754576032,54.0,0.08630086574955662,-0.5611659488917202,0.08584600429574954,-0.558534715740149,0.015436846713166804,0.1487053290992281
2414,34,498,645.8872104090177,4370.307858894735,502.3554500387008,4287.081754576032,54.0,0.08630086574955662,-0.5751262217800794,0.08584600429574954,-0.5670741281691994,0.015436846713166804,0.1844345837750112
2415,23,498,485.3312407692456,4298.036308618457,502.3554500387008,4287.081754576032,54.0,0.08630086574955662,-0.040642340509048774,0.08584600429574954,-0.03946447933520564,0.015436846713166804,0.020757685256544704
2416,44,498,472.0029937650396,4104.126300266757,502.3554500387008,4287.081754576032,54.0,0.08630086574955662,-0.30719525371981793,0.08584600429574954,-0.29199010281191273,0.015436846713166804,0.16489233920853794
2417,7,498,477.9085898257795,4404.037580305916,502.3554500387008,4287.081754576032,54.0,0.08630086574955662,-0.5861501903297008,0.08584600429574954,-0.5837346892414693,0.015436846713166804,0.13366795707041754
2418,43,499,630.0947010611478,4141.259609929846,521.860148154005,4271.043596927122,54.0,0.08630086574955662,-0.5166427866802207,0.08584600429574954,-0.5119016932793203,0.015436846713166804,0.21311176921016553
2419,30,499,625.9985091941669,4344.425799606012,521.860148154005,4271.043596927122,54.0,0.08630086574955662,-0.6189624516723728,0.08584600429574954,-0.6175716280341417,0.015436846713166804,0.15153714622277453
2420,34,499,645.8872104090177,4370.307858894735,521.860148154005,4271.043596927122,54.0,0.08630086574955662,-0.7188707869178484,0.08584600429574954,-0.7148405659308534,0.015436846713166804,0.19065539037295987
2421,37,499,628.569594659982,4182.409690156388,521.860148154005,4271.043596927122,54.0,0.08630086574955662,-0.38549829050252377,0.08584600429574954,-0.38092949690244515,0.015436846713166804,0.16851376206030863
2422,24,499,476.8845411410292,4318.364085281663,521.860148154005,4271.043596927122,54.0,0.08630086574955662,-0.1462099871173961,0.08584600429574954,-0.14197466525327454,0.015436846713166804,0.06689799732666939
2423,33,499,633.1852302568241,4317.679688677003,521.860148154005,4271.043596927122,54.0,0.08630086574955662,-0.574915210404329,0.08584600429574954,-0.5719013280504367,0.015436846713166804,0.15271700617160605
2424,35,499,583.2192292927565,4207.570440686977,521.860148154005,4271.043596927122,54.0,0.08630086574955662,-0.26486958547625244,0.08584600429574954,-0.26295407670341586,0.015436846713166804,0.10700832608462987
2425,26,499,492.46916862384336,4319.554466150916,521.860148154005,4271.043596927122,54.0,0.08630086574955662,-0.11776768702235513,0.08584600429574954,-0.11343803355074525,0.015436846713166804,0.05663991684657701
2426,29,499,679.1344462972443,4226.875249913833,521.860148154005,4271.043596927122,54.0,0.08630086574955662,-0.6967888587215895,0.08584600429574954,-0.6899781888666495,0.015436846713166804,0.21498473220160585
2427,44,499,472.0029937650396,4104.126300266757,521.860148154005,4271.043596927122,54.0,0.08630086574955662,-0.4092130737806869,0.08584600429574954,-0.39871191337795897,0.015436846713166804,0.16634670921312983
2428,23,499,485.3312407692456,4298.036308618457,521.860148154005,4271.043596927122,54.0,0.08630086574955662,-0.08157018876037216,0.08584600429574954,-0.07813363903131951,0.015436846713166804,0.04442383373259659
2429,26,500,492.46916862384336,4319.554466150916,490.1742733047821,4255.374110181812,54.0,0.08630086574955662,-0.14298567765011935,0.08584600429574954,-0.13916135248813077,0.015436846713166804,0.06683397922439765
2430,42,500,483.2022524961118,4104.318470707111,490.1742733047821,4255.374110181812,54.0,0.08630086574955662,-0.2808606926194886,0.08584600429574954,-0.26960972223077023,0.015436846713166804,0.14260421326529849
2431,33,500,633.1852302568241,4317.679688677003,490.1742733047821,4255.374110181812,54.0,0.08630086574955662,-0.6461318127312337,0.08584600429574954,-0.6409454540768882,0.015436846713166804,0.19024898515111402
2432,43,500,630.0947010611478,4141.259609929846,490.1742733047821,4255.374110181812,54.0,0.08630086574955662,-0.6332138323925147,0.08584600429574954,-0.6308469319226688,0.015436846713166804,0.225078689498055
2433,37,500,628.569594659982,4182.409690156388,490.1742733047821,4255.374110181812,54.0,0.08630086574955662,-0.4810591113092877,0.08584600429574954,-0.475969685135616,0.015436846713166804,0.18455376707932292
2434,24,500,476.8845411410292,4318.364085281663,490.1742733047821,4255.374110181812,54.0,0.08630086574955662,-0.14219878246747203,0.08584600429574954,-0.138326749785298,0.015436846713166804,0.06685908920019468
2435,41,500,461.8106926932424,4070.996636995212,490.1742733047821,4255.374110181812,54.0,0.08630086574955662,-0.3561980349745593,0.08584600429574954,-0.34260054578465793,0.015436846713166804,0.15651698106041737
2436,30,500,625.9985091941669,4344.425799606012,490.1742733047821,4255.374110181812,54.0,0.08630086574955662,-0.6589545674442931,0.08584600429574954,-0.654404434244044,0.015436846713166804,0.18477524844324955
2437,44,500,472.0029937650396,4104.126300266757,490.1742733047821,4255.374110181812,54.0,0.08630086574955662,-0.25262294978058375,0.08584600429574954,-0.24066000819912103,0.015436846713166804,0.13268290918840733
2438,23,500,485.3312407692456,4298.036308618457,490.1742733047821,4255.374110181812,54.0,0.08630086574955662,-0.0770981345509857,0.08584600429574954,-0.07391801504952566,0.015436846713166804,0.0422229839110606
2439,35,500,583.2192292927565,4207.570440686977,490.1742733047821,4255.374110181812,54.0,0.08630086574955662,-0.34285040476313533,0.08584600429574954,-0.33999100681943967,0.015436846713166804,0.12156209487765365
2440,29,500,679.1344462972443,4226.875249913833,490.1742733047821,4255.374110181812,54.0,0.08630086574955662,-0.6399444465358349,0.08584600429574954,-0.6324092382517231,0.015436846713166804,0.2376086523761671
2441,33,501,633.1852302568241,4317.679688677003,544.1009429454423,4239.798803024585,54.0,0.08630086574955662,-0.6127686409339062,0.08584600429574954,-0.6097534183359793,0.015436846713166804,0.15924650636190574
2442,37,501,628.569594659982,4182.409690156388,544.1009429454423,4239.798803024585,54.0,0.08630086574955662,-0.2994526793683299,0.08584600429574954,-0.2967729173809341,0.015436846713166804,0.12561895485349453
2443,30,501,625.9985091941669,4344.425799606012,544.1009429454423,4239.798803024585,54.0,0.08630086574955662,-0.7476508026978163,0.08584600429574954,-0.7444143623680424,0.015436846713166804,0.16857684047821625
2444,44,501,472.0029937650396,4104.126300266757,544.1009429454423,4239.798803024585,54.0,0.08630086574955662,-0.46341129726312363,0.08584600429574954,-0.45710138165623987,0.015436846713166804,0.16194672442973723
2445,29,501,679.1344462972443,4226.875249913833,544.1009429454423,4239.798803024585,54.0,0.08630086574955662,-0.5079778343252619,0.08584600429574954,-0.5034014000283586,0.015436846713166804,0.1759441638681067
2446,7,501,477.9085898257795,4404.037580305916,544.1009429454423,4239.798803024585,54.0,0.08630086574955662,-0.6497508782360106,0.08584600429574954,-0.64252216450165,0.015436846713166804,0.1929749311448258
2447,23,501,485.3312407692456,4298.036308618457,544.1009429454423,4239.798803024585,54.0,0.08630086574955662,-0.1885480238970765,0.08584600429574954,-0.18395131281214924,0.015436846713166804,0.09032851044044374
2448,34,501,645.8872104090177,4370.307858894735,544.1009429454423,4239.798803024585,54.0,0.08630086574955662,-0.89761629124539,0.08584600429574954,-0.8932134439235361,0.015436846713166804,0.21434767887463993
2449,24,501,476.8845411410292,4318.364085281663,544.1009429454423,4239.798803024585,54.0,0.08630086574955662,-0.251305605900866,0.08584600429574954,-0.24559124139180544,0.015436846713166804,0.11267857292354062
2450,35,501,583.2192292927565,4207.570440686977,544.1009429454423,4239.798803024585,54.0,0.08630086574955662,-0.17271430064122062,0.08584600429574954,-0.17239593923357083,0.015436846713166804,0.06382232851111447
2451,33,502,633.1852302568241,4317.679688677003,493.8152420653565,4235.364592782937,54.0,0.08630086574955662,-0.7264092413083143,0.08584600429574954,-0.7212171259899276,0.015436846713166804,0.2032924281949345
2452,26,502,492.46916862384336,4319.554466150916,493.8152420653565,4235.364592782937,54.0,0.08630086574955662,-0.18849727502618935,0.08584600429574954,-0.18337414115226952,0.015436846713166804,0.08835624691146865
2453,44,502,472.0029937650396,4104.126300266757,493.8152420653565,4235.364592782937,54.0,0.08630086574955662,-0.21359717653005328,0.08584600429574954,-0.20295874166444275,0.015436846713166804,0.11390559151877182
2454,43,502,630.0947010611478,4141.259609929846,493.8152420653565,4235.364592782937,54.0,0.08630086574955662,-0.6348406471574772,0.08584600429574954,-0.6338821425658873,0.015436846713166804,0.2119227180800392
2455,37,502,628.569594659982,4182.409690156388,493.8152420653565,4235.364592782937,54.0,0.08630086574955662,-0.4977846809487978,0.08584600429574954,-0.49522112925136114,0.015436846713166804,0.1752065640414726
2456,30,502,625.9985091941669,4344.425799606012,493.8152420653565,4235.364592782937,54.0,0.08630086574955662,-0.7743718226748819,0.08584600429574954,-0.772736974727999,0.015436846713166804,0.20450633718787886
2457,23,502,485.3312407692456,4298.036308618457,493.8152420653565,4235.364592782937,54.0,0.08630086574955662,-0.12349735467571335,0.08584600429574954,-0.11899132123708857,0.015436846713166804,0.06417765109254503
2458,45,502,517.3116391169647,4113.7490927459785,493.8152420653565,4235.364592782937,54.0,0.08630086574955662,-0.427811392842803,0.08584600429574954,-0.42300683604800554,0.015436846713166804,0.14639525460577094
2459,35,502,583.2192292927565,4207.570440686977,493.8152420653565,4235.364592782937,54.0,0.08630086574955662,-0.35773558480403955,0.08584600429574954,-0.3575565678481525,0.015436846713166804,0.1134411189494822
2460,41,502,461.8106926932424,4070.996636995212,493.8152420653565,4235.364592782937,54.0,0.08630086574955662,-0.3230673071197322,0.08584600429574954,-0.31091061403203096,0.015436846713166804,0.14065562856589173
2461,29,502,679.1344462972443,4226.875249913833,493.8152420653565,4235.364592782937,54.0,0.08630086574955662,-0.6693535009399052,0.08584600429574954,-0.6632343623085671,0.015436846713166804,0.2326934168090002
2462,24,502,476.8845411410292,4318.364085281663,493.8152420653565,4235.364592782937,54.0,0.08630086574955662,-0.18852432409214906,0.08584600429574954,-0.1833303177557793,0.015436846713166804,0.0887653566742304
2463,26,503,492.46916862384336,4319.554466150916,468.1538607220498,4241.128223716155,54.0,0.08630086574955662,-0.2426041059703573,0.08584600429574954,-0.2389587392136457,0.015436846713166804,0.09030245195513094
2464,37,503,628.569594659982,4182.409690156388,468.1538607220498,4241.128223716155,54.0,0.08630086574955662,-0.5759327346099259,0.08584600429574954,-0.5721598782646936,0.015436846713166804,0.20528039890231567
2465,29,503,679.1344462972443,4226.875249913833,468.1538607220498,4241.128223716155,54.0,0.08630086574955662,-0.7392244490299595,0.08584600429574954,-0.7319172944218076,0.015436846713166804,0.26237681457100537
2466,30,503,625.9985091941669,4344.425799606012,468.1538607220498,4241.128223716155,54.0,0.08630086574955662,-0.7160138156106843,0.08584600429574954,-0.7097444260780985,0.015436846713166804,0.2119289812836164
2467,44,503,472.0029937650396,4104.126300266757,468.1538607220498,4241.128223716155,54.0,0.08630086574955662,-0.14509218923369543,0.08584600429574954,-0.1307126577800718,0.015436846713166804,0.0894661897407148
2468,42,503,481.95797351825536,4104.321037374665,468.1538607220498,4241.128223716155,54.0,0.08630086574955662,-0.20521153636444925,0.08584600429574954,-0.1921496150485939,0.015436846713166804,0.11398651084455536
2469,41,503,461.8106926932424,4070.996636995212,468.1538607220498,4241.128223716155,54.0,0.08630086574955662,-0.26153619892086105,0.08584600429574954,-0.24576654434784842,0.015436846713166804,0.11963868770504521
2470,24,503,476.8845411410292,4318.364085281663,468.1538607220498,4241.128223716155,54.0,0.08630086574955662,-0.41208283665957646,0.08584600429574954,-0.4111552121613997,0.015436846713166804,0.0957039072321486
2471,8,503,404.480912881415,4338.111065579622,468.1538607220498,4241.128223716155,54.0,0.08630086574955662,-0.6856443526614201,0.08584600429574954,-0.6818804249591168,0.015436846713166804,0.1630159640851763
2472,23,503,485.3312407692456,4298.036308618457,468.1538607220498,4241.128223716155,54.0,0.08630086574955662,-0.17542523554147083,0.08584600429574954,-0.17252376603988795,0.015436846713166804,0.06445478278728925
2473,43,503,630.0947010611478,4141.259609929846,468.1538607220498,4241.128223716155,54.0,0.08630086574955662,-0.7152903255759808,0.08584600429574954,-0.7125878125747812,0.015436846713166804,0.2395086402169308
2474,35,503,583.2192292927565,4207.570440686977,468.1538607220498,4241.128223716155,54.0,0.08630086574955662,-0.4319408506172992,0.08584600429574954,-0.4307199096674454,0.015436846713166804,0.14341894799362875
2475,19,504,324.8153272931308,4135.979057138678,499.7287176848287,4232.444068380425,54.0,0.08630086574955662,-0.49696162106756303,0.08584600429574954,-0.48542796631261603,0.015436846713166804,0.22180239941993685
2476,16,504,510.22088537403255,4246.5421852479,499.7287176848287,4232.444068380425,54.0,0.08630086574955662,-0.061234629250703665,0.08584600429574954,-0.06090903169340264,0.015436846713166804,0.01933401689328642
2477,29,504,679.1344462972443,4226.875249913833,499.7287176848287,4232.444068380425,54.0,0.08630086574955662,-0.6536196786440752,0.08584600429574954,-0.6478094471581404,0.015436846713166804,0.22578708427170155
2478,24,504,476.8845411410292,4318.364085281663,499.7287176848287,4232.444068380425,54.0,0.08630086574955662,-0.198963118325227,0.08584600429574954,-0.19354222879058078,0.015436846713166804,0.093443889583031
2479,23,504,485.3312407692456,4298.036308618457,499.7287176848287,4232.444068380425,54.0,0.08630086574955662,-0.13307270189715628,0.08584600429574954,-0.12834669263868292,0.015436846713166804,0.06854057288387326
2480,26,505,492.46916862384336,4319.554466150916,469.7454521096344,4301.154322219481,54.0,0.08630086574955662,-0.11534843159844196,0.08584600429574954,-0.1150188438247116,0.015436846713166804,0.035832473854872635
2481,67,505,614.1933123417826,4407.07660776138,469.7454521096344,4301.154322219481,54.0,0.08630086574955662,-0.34488773164159336,0.08584600429574954,-0.3293388695650823,0.015436846713166804,0.15567556460072893
2482,22,505,301.6304881357929,4156.037775497009,469.7454521096344,4301.154322219481,54.0,0.08630086574955662,-0.9622514965760368,0.08584600429574954,-0.959456892798028,0.015436846713166804,0.2887047181436596
2483,44,505,472.0029937650396,4104.126300266757,469.7454521096344,4301.154322219481,54.0,0.08630086574955662,-0.49726733041984084,0.08584600429574954,-0.4824119178443455,0.015436846713166804,0.1643440647549636
2484,33,505,633.1852302568241,4317.679688677003,469.7454521096344,4301.154322219481,54.0,0.08630086574955662,-0.6282387470909463,0.08584600429574954,-0.6245684294810724,0.015436846713166804,0.19482929686529563
2485,30,505,625.9985091941669,4344.425799606012,469.7454521096344,4301.154322219481,54.0,0.08630086574955662,-0.5952081987731044,0.08584600429574954,-0.588606893819202,0.015436846713166804,0.1799334842834359
2486,19,505,324.8153272931308,4135.979057138678,469.7454521096344,4301.154322219481,54.0,0.08630086574955662,-0.7843091072865348,0.08584600429574954,-0.7765941088320519,0.015436846713166804,0.2668360393843349
2487,23,505,473.2888408458269,4304.725925046426,469.7454521096344,4301.154322219481,54.0,0.08630086574955662,-0.031271282960788856,0.08584600429574954,-0.031498011603071564,0.015436846713166804,0.006835850524395113
2488,24,505,476.8845411410292,4318.364085281663,469.7454521096344,4301.154322219481,54.0,0.08630086574955662,-0.10684626540497519,0.08584600429574954,-0.10735564885174116,0.015436846713166804,0.025772338347400246
2489,30,506,625.9985091941669,4344.425799606012,555.2813891908964,4308.169914388606,54.0,0.08630086574955662,-0.4482612833727268,0.08584600429574954,-0.4484595098385659,0.015436846713166804,0.09634757888538611
2490,67,506,614.1933123417826,4407.07660776138,555.2813891908964,4308.169914388606,54.0,0.08630086574955662,-0.3232638163696259,0.08584600429574954,-0.31660348894202806,0.015436846713166804,0.12227274769107982
2491,24,506,476.8845411410292,4318.364085281663,555.2813891908964,4308.169914388606,54.0,0.08630086574955662,-0.2093234618749659,0.08584600429574954,-0.20521430329283613,0.015436846713166804,0.08709680171946864
2492,16,506,519.0070440168354,4262.203633597157,555.2813891908964,4308.169914388606,54.0,0.08630086574955662,-0.15304322279773327,0.08584600429574954,-0.14916369034328691,0.015436846713166804,0.06517936792512775
2493,68,506,607.5300941255965,4399.875364871049,555.2813891908964,4308.169914388606,54.0,0.08630086574955662,-0.27103173799579916,0.08584600429574954,-0.2638694451751343,0.015436846713166804,0.1084309267070535
2494,29,506,679.1344462972443,4226.875249913833,555.2813891908964,4308.169914388606,54.0,0.08630086574955662,-0.6839030845822479,0.08584600429574954,-0.6805427060894658,0.015436846713166804,0.197648217318147
2495,23,506,504.75274351062166,4332.980003603095,555.2813891908964,4308.169914388606,54.0,0.08630086574955662,-0.1266905112955844,0.08584600429574954,-0.12355534128416726,0.015436846713166804,0.05814169816754777
2496,44,506,472.0029937650396,4104.126300266757,555.2813891908964,4308.169914388606,54.0,0.08630086574955662,-0.6327277969190582,0.08584600429574954,-0.6212342470406433,0.015436846713166804,0.22938762567659482
2497,26,506,492.46916862384336,4319.554466150916,555.2813891908964,4308.169914388606,54.0,0.08630086574955662,-0.16144880117010957,0.08584600429574954,-0.15773975120354455,0.015436846713166804,0.06972823062015414
2498,29,507,679.1344462972443,4226.875249913833,528.2616691728058,4293.079481721901,54.0,0.08630086574955662,-0.7583335449576127,0.08584600429574954,-0.7525334940592411,0.015436846713166804,0.21644344087898565
2499,33,507,633.1852302568241,4317.679688677003,528.2616691728058,4293.079481721901,54.0,0.08630086574955662,-0.4818712889964479,0.08584600429574954,-0.4802800565428362,0.015436846713166804,0.13358965368842787
2500,23,507,493.2419465724456,4312.2296775236855,528.2616691728058,4293.079481721901,54.0,0.08630086574955662,-0.09128153058869175,0.08584600429574954,-0.08848968390475277,0.015436846713166804,0.041483288757330594
2501,68,507,607.5300941255965,4399.875364871049,528.2616691728058,4293.079481721901,54.0,0.08630086574955662,-0.25042449817025814,0.08584600429574954,-0.23858427564760118,0.015436846713166804,0.12877454932826363
2502,26,507,492.46916862384336,4319.554466150916,528.2616691728058,4293.079481721901,54.0,0.08630086574955662,-0.10822909662874511,0.08584600429574954,-0.1053158814577804,0.015436846713166804,0.047878971358056494
2503,44,507,472.0029937650396,4104.126300266757,528.2616691728058,4293.079481721901,54.0,0.08630086574955662,-0.45446203195057233,0.08584600429574954,-0.4419501936936534,0.015436846713166804,0.189709205248144
2504,43,507,630.0947010611478,4141.259609929846,528.2616691728058,4293.079481721901,54.0,0.08630086574955662,-0.556626098291378,0.08584600429574954,-0.5504085579744481,0.015436846713166804,0.22931337794275242
2505,35,507,583.2192292927565,4207.570440686977,528.2616691728058,4293.079481721901,54.0,0.08630086574955662,-0.3144975418483352,0.08584600429574954,-0.31101472605986574,0.015436846713166804,0.12222557551888345
2506,24,507,476.8845411410292,4318.364085281663,528.2616691728058,4293.079481721901,54.0,0.08630086574955662,-0.14588161055131196,0.08584600429574954,-0.1425471608210892,0.015436846713166804,0.06153854178551679
2507,67,507,614.1933123417826,4407.07660776138,528.2616691728058,4293.079481721901,54.0,0.08630086574955662,-0.2965836061339245,0.08584600429574954,-0.2850702047325113,0.015436846713166804,0.14174293516877762
2508,37,507,628.569594659982,4182.409690156388,528.2616691728058,4293.079481721901,54.0,0.08630086574955662,-0.5006436919759719,0.08584600429574954,-0.49207616320112185,0.015436846713166804,0.183044788824129
2509,34,507,645.8872104090177,4370.307858894735,528.2616691728058,4293.079481721901,54.0,0.08630086574955662,-0.5971228776444377,0.08584600429574954,-0.5927347653358374,0.015436846713166804,0.16601406097713636
2510,30,507,625.9985091941669,4344.425799606012,528.2616691728058,4293.079481721901,54.0,0.08630086574955662,-0.523247978667492,0.08584600429574954,-0.5213313810979534,0.015436846713166804,0.12887318076516446
2511,35,508,583.2192292927565,4207.570440686977,480.8723494206272,4270.11559654706,54.0,0.08630086574955662,-0.34449032391259365,0.08584600429574954,-0.3399639877688709,0.015436846713166804,0.13648629118576885
2512,30,508,625.9985091941669,4344.425799606012,480.8723494206272,4270.11559654706,54.0,0.08630086574955662,-0.5989725235912514,0.08584600429574954,-0.5919914809996999,0.015436846713166804,0.1761297349876777
2513,43,508,630.0947010611478,4141.259609929846,480.8723494206272,4270.11559654706,54.0,0.08630086574955662,-0.6387914701220856,0.08584600429574954,-0.6339503946264878,0.015436846713166804,0.23940781562299168
2514,22,508,301.6304881357929,4156.037775497009,480.8723494206272,4270.11559654706,54.0,0.08630086574955662,-0.7222943932218344,0.08584600429574954,-0.717154493816912,0.015436846713166804,0.26198814986049046
2515,19,508,324.8153272931308,4135.979057138678,480.8723494206272,4270.11559654706,54.0,0.08630086574955662,-0.5959130214625209,0.08584600429574954,-0.5902473138882725,0.015436846713166804,0.24558376174016872
2516,26,508,492.46916862384336,4319.554466150916,480.8723494206272,4270.11559654706,54.0,0.08630086574955662,-0.12538611891855614,0.08584600429574954,-0.12301036106128344,0.015436846713166804,0.055023768340210305
2517,44,508,472.0029937650396,4104.126300266757,480.8723494206272,4270.11559654706,54.0,0.08630086574955662,-0.25420554907517906,0.08584600429574954,-0.24050331935215882,0.015436846713166804,0.13681282225566171
2518,16,508,513.1636048475955,4263.301540421994,480.8723494206272,4270.11559654706,54.0,0.08630086574955662,-0.05723164757537785,0.08584600429574954,-0.05464779789182338,0.015436846713166804,0.0328533463389233
2519,29,508,679.1344462972443,4226.875249913833,480.8723494206272,4270.11559654706,54.0,0.08630086574955662,-0.7099393417872844,0.08584600429574954,-0.6995171346134498,0.015436846713166804,0.2528892407405046
2520,33,508,633.1852302568241,4317.679688677003,480.8723494206272,4270.11559654706,54.0,0.08630086574955662,-0.5941124893603864,0.08584600429574954,-0.5878756619300458,0.015436846713166804,0.18278248100845032
2521,34,509,645.8872104090177,4370.307858894735,506.1832779263153,4271.360107928358,54.0,0.08630086574955662,-0.6762405482303008,0.08584600429574954,-0.6695377411243749,0.015436846713166804,0.19697088738372867
2522,23,509,485.3312407692456,4298.036308618457,506.1832779263153,4271.360107928358,54.0,0.08630086574955662,-0.06773976657950982,0.08584600429574954,-0.06575773345870868,0.015436846713166804,0.03492378563951379
2523,44,509,472.0029937650396,4104.126300266757,506.1832779263153,4271.360107928358,54.0,0.08630086574955662,-0.31411923235380385,0.08584600429574954,-0.30210441264422516,0.015436846713166804,0.15760463426570107
2524,33,509,633.1852302568241,4317.679688677003,506.1832779263153,4271.360107928358,54.0,0.08630086574955662,-0.5824531976369772,0.08584600429574954,-0.5785709120552337,0.015436846713166804,0.1648326432924898
2525,43,509,630.0947010611478,4141.259609929846,506.1832779263153,4271.360107928358,54.0,0.08630086574955662,-0.5524452920534237,0.08584600429574954,-0.5469526772944702,0.015436846713166804,0.22444054058426088
2526,24,509,476.8845411410292,4318.364085281663,506.1832779263153,4271.360107928358,54.0,0.08630086574955662,-0.1350121861658455,0.08584600429574954,-0.13229635628837946,0.015436846713166804,0.0596540201855252
2527,16,509,513.1636048475955,4263.301540421994,506.1832779263153,4271.360107928358,54.0,0.08630086574955662,-0.02317527482124783,0.08584600429574954,-0.02271207160732772,0.015436846713166804,0.012038038267895939
2528,29,509,679.1344462972443,4226.875249913833,506.1832779263153,4271.360107928358,54.0,0.08630086574955662,-0.7108495002575737,0.08584600429574954,-0.7030736215343077,0.015436846713166804,0.23141243829664068
2529,30,509,625.9985091941669,4344.425799606012,506.1832779263153,4271.360107928358,54.0,0.08630086574955662,-0.5965749319308282,0.08584600429574954,-0.59263169049672,0.015436846713166804,0.15930165875890065
2530,35,509,583.2192292927565,4207.570440686977,506.1832779263153,4271.360107928358,54.0,0.08630086574955662,-0.29507134378106864,0.08584600429574954,-0.2925522748603956,0.015436846713166804,0.11979321571559864
2531,67,509,614.1933123417826,4407.07660776138,506.1832779263153,4271.360107928358,54.0,0.08630086574955662,-0.3259632184478368,0.08584600429574954,-0.310735863203776,0.015436846713166804,0.16636582254473783
2532,37,509,628.569594659982,4182.409690156388,506.1832779263153,4271.360107928358,54.0,0.08630086574955662,-0.4179354575081432,0.08584600429574954,-0.41306953235304134,0.015436846713166804,0.18235446981797865
2533,41,510,461.8106926932424,4070.996636995212,486.333478002448,4218.397487853233,54.0,0.08630086574955662,-0.2723914571743006,0.08584600429574954,-0.26108845022565325,0.015436846713166804,0.1182669885431113
2534,33,510,633.1852302568241,4317.679688677003,486.333478002448,4218.397487853233,54.0,0.08630086574955662,-0.7839951015815987,0.08584600429574954,-0.7779701552042544,0.015436846713166804,0.2213062836280682
2535,35,510,583.2192292927565,4207.570440686977,486.333478002448,4218.397487853233,54.0,0.08630086574955662,-0.39728787297274976,0.08584600429574954,-0.397514602427817,0.015436846713166804,0.11841398517406773
2536,45,510,517.3116391169647,4113.7490927459785,486.333478002448,4218.397487853233,54.0,0.08630086574955662,-0.307885735117,0.08584600429574954,-0.3012703089353943,0.015436846713166804,0.12230767216132615
2537,19,510,324.8153272931308,4135.979057138678,486.333478002448,4218.397487853233,54.0,0.08630086574955662,-0.44599991556113655,0.08584600429574954,-0.4352132673214552,0.015436846713166804,0.19701605816789702
2538,23,510,485.3312407692456,4298.036308618457,486.333478002448,4218.397487853233,54.0,0.08630086574955662,-0.16558615934164905,0.08584600429574954,-0.16035345881752622,0.015436846713166804,0.08238329200589663
2539,43,510,630.0947010611478,4141.259609929846,486.333478002448,4218.397487853233,54.0,0.08630086574955662,-0.6350268756950848,0.08584600429574954,-0.6322283096867259,0.015436846713166804,0.206505383596278
2540,29,510,679.1344462972443,4226.875249913833,486.333478002448,4218.397487853233,54.0,0.08630086574955662,-0.6734090554720972,0.08584600429574954,-0.6691199727649645,0.015436846713166804,0.2395383079606137
2541,30,510,625.9985091941669,4344.425799606012,486.333478002448,4218.397487853233,54.0,0.08630086574955662,-0.852866360638783,0.08584600429574954,-0.8513107588450292,0.015436846713166804,0.224368674835434
2542,37,510,628.569594659982,4182.409690156388,486.333478002448,4218.397487853233,54.0,0.08630086574955662,-0.5298608258975,0.08584600429574954,-0.5281334880363665,0.015436846713166804,0.178799574674315
2543,24,510,476.8845411410292,4318.364085281663,486.333478002448,4218.397487853233,54.0,0.08630086574955662,-0.2288509065802128,0.08584600429574954,-0.22297176682962871,0.015436846713166804,0.10618476878593683
2544,44,510,472.0029937650396,4104.126300266757,486.333478002448,4218.397487853233,54.0,0.08630086574955662,-0.16358412694624314,0.08584600429574954,-0.15370002873756738,0.015436846713166804,0.09226148984498707
2545,16,510,510.22088537403255,4246.5421852479,486.333478002448,4218.397487853233,54.0,0.08630086574955662,-0.1090902935008608,0.08584600429574954,-0.10786405242897198,0.015436846713166804,0.040683660180762304
2546,16,511,510.22088537403255,4246.5421852479,465.122364122729,4206.899148776987,54.0,0.08630086574955662,-0.1528929214170382,0.08584600429574954,-0.1494454671393887,0.015436846713166804,0.06388983410582295
2547,30,511,625.9985091941669,4344.425799606012,465.122364122729,4206.899148776987,54.0,0.08630086574955662,-0.8764524768617723,0.08584600429574954,-0.8723672084347299,0.015436846713166804,0.24670145352513304
2548,19,511,324.8153272931308,4135.979057138678,465.122364122729,4206.899148776987,54.0,0.08630086574955662,-0.39604510502591506,0.08584600429574954,-0.3872150692054159,0.015436846713166804,0.1725831710341386
2549,41,511,461.8106926932424,4070.996636995212,465.122364122729,4206.899148776987,54.0,0.08630086574955662,-0.18574856524874778,0.08584600429574954,-0.17284383779497997,0.015436846713166804,0.08439570068870965
2550,44,511,472.0029937650396,4104.126300266757,465.122364122729,4206.899148776987,54.0,0.08630086574955662,-0.0695140990169885,0.08584600429574954,-0.05797451694558963,0.015436846713166804,0.05436096625656424
2551,43,511,630.0947010611478,4141.259609929846,465.122364122729,4206.899148776987,54.0,0.08630086574955662,-0.6173525100402304,0.08584600429574954,-0.6106624356508823,0.015436846713166804,0.21598755304070572
2552,45,511,517.3116391169647,4113.7490927459785,465.122364122729,4206.899148776987,54.0,0.08630086574955662,-0.21777344089872774,0.08584600429574954,-0.20819528640488852,0.015436846713166804,0.10098671761618022
2553,22,511,301.6304881357929,4156.037775497009,465.122364122729,4206.899148776987,54.0,0.08630086574955662,-0.47482260671855486,0.08584600429574954,-0.46523643860349756,0.015436846713166804,0.1996942394342223
2554,35,511,583.2192292927565,4207.570440686977,465.122364122729,4206.899148776987,54.0,0.08630086574955662,-0.4370536647738022,0.08584600429574954,-0.4355713200928472,0.015436846713166804,0.13843225775505497
2555,23,511,485.3312407692456,4298.036308618457,465.122364122729,4206.899148776987,54.0,0.08630086574955662,-0.19668280605151928,0.08584600429574954,-0.1898080129862398,0.015436846713166804,0.09484918296153881
2556,37,511,628.569594659982,4182.409690156388,465.122364122729,4206.899148776987,54.0,0.08630086574955662,-0.5818628029834555,0.08584600429574954,-0.5776112792309851,0.015436846713166804,0.19841531612441726
2557,29,511,679.1344462972443,4226.875249913833,465.122364122729,4206.899148776987,54.0,0.08630086574955662,-0.6847928878576582,0.08584600429574954,-0.6775693751600071,0.015436846713166804,0.26008018143103295
2558,43,512,630.0947010611478,4141.259609929846,490.5454553088719,4199.285433819725,54.0,0.08630086574955662,-0.5700794359131915,0.08584600429574954,-0.5655373133387013,0.015436846713166804,0.19085490567160224
2559,65,512,465.43944178630807,4063.6597216274654,490.5454553088719,4199.285433819725,54.0,0.08630086574955662,-0.28118417553387665,0.08584600429574954,-0.27060746358238924,0.015436846713166804,0.11649570775945128
2560,26,512,492.46916862384336,4319.554466150916,490.5454553088719,4199.285433819725,54.0,0.08630086574955662,-0.2780175205620408,0.08584600429574954,-0.27142244634665785,0.015436846713166804,0.1269494752378912
2561,24,512,476.8845411410292,4318.364085281663,490.5454553088719,4199.285433819725,54.0,0.08630086574955662,-0.2760458718555346,0.08584600429574954,-0.2694415249218234,0.015436846713166804,0.12639387829756904
2562,41,512,461.8106926932424,4070.996636995212,490.5454553088719,4199.285433819725,54.0,0.08630086574955662,-0.23710653767373022,0.08584600429574954,-0.22636956773818379,0.015436846713166804,0.10389036807476831
2563,16,512,510.22088537403255,4246.5421852479,490.5454553088719,4199.285433819725,54.0,0.08630086574955662,-0.15737861979374523,0.08584600429574954,-0.1560532477660866,0.015436846713166804,0.05509209756927221
2564,44,512,472.0029937650396,4104.126300266757,490.5454553088719,4199.285433819725,54.0,0.08630086574955662,-0.12696068766002916,0.08584600429574954,-0.11785764558915399,0.015436846713166804,0.07636543544736116
2565,29,512,679.1344462972443,4226.875249913833,490.5454553088719,4199.285433819725,54.0,0.08630086574955662,-0.6250080268840703,0.08584600429574954,-0.6188897737823896,0.015436846713166804,0.23485410637564638
2566,19,512,324.8153272931308,4135.979057138678,490.5454553088719,4199.285433819725,54.0,0.08630086574955662,-0.42548207872050364,0.08584600429574954,-0.41513138359509516,0.015436846713166804,0.18217333620659476
2567,22,512,301.6304881357929,4156.037775497009,490.5454553088719,4199.285433819725,54.0,0.08630086574955662,-0.49337535474247135,0.08584600429574954,-0.48183800924308173,0.015436846713166804,0.20812168450645707
2568,23,512,485.3312407692456,4298.036308618457,490.5454553088719,4199.285433819725,54.0,0.08630086574955662,-0.2123665996395082,0.08584600429574954,-0.20641473172197553,0.015436846713166804,0.10241885152199746
2569,45,512,517.3116391169647,4113.7490927459785,490.5454553088719,4199.285433819725,54.0,0.08630086574955662,-0.25423442474070557,0.08584600429574954,-0.24810985303720892,0.015436846713166804,0.10119034618339333
2570,27,512,413.6607163277177,4126.933692479007,490.5454553088719,4199.285433819725,54.0,0.08630086574955662,-0.19326145766212233,0.08584600429574954,-0.18436882644439279,0.015436846713166804,0.0922685531406548
2571,30,512,625.9985091941669,4344.425799606012,490.5454553088719,4199.285433819725,54.0,0.08630086574955662,-0.9508077314602885,0.08584600429574954,-0.9476872545197081,0.015436846713166804,0.24014940906561283
2572,26,513,492.46916862384336,4319.554466150916,529.8239150277818,4263.102067604929,54.0,0.08630086574955662,-0.14457108181675518,0.08584600429574954,-0.13961154982861387,0.015436846713166804,0.06923778999704834
2573,23,513,485.3312407692456,4298.036308618457,529.8239150277818,4263.102067604929,54.0,0.08630086574955662,-0.11008802302259034,0.08584600429574954,-0.10623784275816489,0.015436846713166804,0.05784106382982995
2574,29,513,679.1344462972443,4226.875249913833,529.8239150277818,4263.102067604929,54.0,0.08630086574955662,-0.6415184877663613,0.08584600429574954,-0.6346466847882324,0.015436846713166804,0.2025685952638327
2575,24,513,476.8845411410292,4318.364085281663,529.8239150277818,4263.102067604929,54.0,0.08630086574955662,-0.1736331791904872,0.08584600429574954,-0.16883676037075968,0.015436846713166804,0.07989109446796742
2576,23,514,488.8120729307579,4304.355849360457,538.5355942881802,4277.098759825456,54.0,0.08630086574955662,-0.11240821365018375,0.08584600429574954,-0.10751975367256861,0.015436846713166804,0.05568779955018753
2577,24,514,476.8845411410292,4318.364085281663,538.5355942881802,4277.098759825456,54.0,0.08630086574955662,-0.17381282821738592,0.08584600429574954,-0.16856937826871202,0.015436846713166804,0.07705943250887846
2578,16,514,519.0070440168354,4262.203633597157,538.5355942881802,4277.098759825456,54.0,0.08630086574955662,-0.060382215276717194,0.08584600429574954,-0.0590538159605642,0.015436846713166804,0.028418510116559492
2579,29,514,679.1344462972443,4226.875249913833,538.5355942881802,4277.098759825456,54.0,0.08630086574955662,-0.6913265802547064,0.08584600429574954,-0.6851950337970012,0.015436846713166804,0.19925628874755213
2580,26,514,492.46916862384336,4319.554466150916,538.5355942881802,4277.098759825456,54.0,0.08630086574955662,-0.1432376771052537,0.08584600429574954,-0.13850381993057592,0.015436846713166804,0.06570243420282118
2581,2,515,-517.6817734392575,3585.1734601257845,-374.9103311708055,3656.421360427769,54.0,0.08630086574955662,-0.5826961188415267,0.08584600429574954,-0.5719999442972409,0.015436846713166804,0.2512165177974557
2582,0,515,-370.9184736815143,3578.821080117009,-374.9103311708055,3656.421360427769,54.0,0.08630086574955662,-0.30451618785480794,0.08584600429574954,-0.30028073072568234,0.015436846713166804,0.1267339634338135
2583,2,516,-517.6817734392575,3585.1734601257845,-378.4105488505552,3641.913217468345,54.0,0.08630086574955662,-0.5395099968672865,0.08584600429574954,-0.5285765577447454,0.015436846713166804,0.2325541616529013
2584,0,516,-370.9184736815143,3578.821080117009,-378.4105488505552,3641.913217468345,54.0,0.08630086574955662,-0.2436399736559499,0.08584600429574954,-0.2372215993021522,0.015436846713166804,0.10687763860576788
2585,0,517,-370.9184736815143,3578.821080117009,-385.33208216661006,3627.100488486961,54.0,0.08630086574955662,-0.18917491102947842,0.08584600429574954,-0.18386899311004248,0.015436846713166804,0.08512602051393714
2586,2,518,-517.6817734392575,3585.1734601257845,-390.8209967890227,3608.249021001745,54.0,0.08630086574955662,-0.4226606285176847,0.08584600429574954,-0.4108540392632591,0.015436846713166804,0.19458158343068793
2587,0,518,-370.9184736815143,3578.821080117009,-390.8209967890227,3608.249021001745,54.0,0.08630086574955662,-0.1357270169780485,0.08584600429574954,-0.13264648832554315,0.015436846713166804,0.0618786235918221
2588,2,519,-517.6817734392575,3585.1734601257845,-408.2621432632536,3592.8912921219685,54.0,0.08630086574955662,-0.3470380524398835,0.08584600429574954,-0.3370596330973475,0.015436846713166804,0.16369124461087498
2589,0,519,-376.58878520787545,3570.7741488906136,-408.2621432632536,3592.8912921219685,54.0,0.08630086574955662,-0.13997520100169908,0.08584600429574954,-0.13758992677397508,0.015436846713166804,0.06404691762611192
2590,14,520,-191.2861040228232,3920.912450661129,16.947210370460294,3854.162344069313,54.0,0.08630086574955662,-0.6645242457947095,0.08584600429574954,-0.658057297424929,0.015436846713166804,0.29413874814753915
2591,14,521,-191.2861040228232,3920.912450661129,26.581794784317434,3848.416710936236,54.0,0.08630086574955662,-0.696064811810738,0.08584600429574954,-0.6891605901634329,0.015436846713166804,0.30998345626209306
2592,14,522,-191.2861040228232,3920.912450661129,15.046854621301405,3832.1565750001578,54.0,0.08630086574955662,-0.6283713409617487,0.08584600429574954,-0.6156532414484795,0.015436846713166804,0.29367817527797646
2593,50,522,-32.87294301735424,3776.17863145535,15.046854621301405,3832.1565750001578,54.0,0.08630086574955662,-0.23638602498984754,0.08584600429574954,-0.23225535582974285,0.015436846713166804,0.10096421030297875
2594,50,523,-32.87294301735424,3776.17863145535,11.187468754086296,3812.747884834706,54.0,0.08630086574955662,-0.1942646285464067,0.08584600429574954,-0.19073343498223405,0.015436846713166804,0.07774276113769626
2595,14,523,-191.2861040228232,3920.912450661129,11.187468754086296,3812.747884834706,54.0,0.08630086574955662,-0.5989983393149343,0.08584600429574954,-0.5835952332507596,0.015436846713166804,0.2904419250239065
2596,50,524,-32.87294301735424,3776.17863145535,35.65775954728463,3811.2184228857313,54.0,0.08630086574955662,-0.2544595199390907,0.08584600429574954,-0.25002509830414,0.015436846713166804,0.10218197274849394
2597,50,525,-32.87294301735424,3776.17863145535,14.975934229222824,3799.243068897464,54.0,0.08630086574955662,-0.19338279506001876,0.08584600429574954,-0.19047053628286092,0.015436846713166804,0.07049670948307292
2598,50,526,-32.87294301735424,3776.17863145535,39.2002283746347,3788.436119844561,54.0,0.08630086574955662,-0.24701222882902624,0.08584600429574954,-0.24253444239786479,0.015436846713166804,0.09495531937565228
2599,50,527,-32.87294301735424,3776.17863145535,15.04579642413452,3767.694366626262,54.0,0.08630086574955662,-0.21464518403236166,0.08584600429574954,-0.21361887482298847,0.015436846713166804,0.0709778223704653
2600,50,528,-32.87294301735424,3776.17863145535,5.372355331992672,3771.380109193948,54.0,0.08630086574955662,-0.17880251105652087,0.08584600429574954,-0.17760830465952657,0.015436846713166804,0.05709055520074579
2601,18,528,55.99463969610678,3684.4657106501672,5.372355331992672,3771.380109193948,54.0,0.08630086574955662,-0.22232549137596572,0.08584600429574954,-0.213910530182144,0.015436846713166804,0.1160418674924366
2602,14,528,-191.2861040228232,3920.912450661129,5.372355331992672,3771.380109193948,54.0,0.08630086574955662,-0.5753108524879483,0.08584600429574954,-0.5529252944779409,0.015436846713166804,0.2895445423538844
2603,50,529,-32.87294301735424,3776.17863145535,24.679452052912616,3770.6789526338025,54.0,0.08630086574955662,-0.23373780826648777,0.08584600429574954,-0.2324160034931272,0.015436846713166804,0.08175057164272276
2604,50,530,-32.87294301735424,3776.17863145535,39.83749752635614,3805.9132554474304,54.0,0.08630086574955662,-0.2638754948965605,0.08584600429574954,-0.2595540731044664,0.015436846713166804,0.10299005597183133
2605,18,530,55.99463969610678,3684.4657106501672,39.83749752635614,3805.9132554474304,54.0,0.08630086574955662,-0.2115905256556948,0.08584600429574954,-0.1946686820778787,0.015436846713166804,0.12771647574971437
2606,18,531,55.99463969610678,3684.4657106501672,24.679857010352134,3808.1866342615103,54.0,0.08630086574955662,-0.22972436084600895,0.08584600429574954,-0.21360503233742242,0.015436846713166804,0.1368401841655333
2607,50,531,-32.87294301735424,3776.17863145535,24.679857010352134,3808.1866342615103,54.0,0.08630086574955662,-0.2256188064606236,0.08584600429574954,-0.22186317214197415,0.015436846713166804,0.08814056092140887
2608,14,532,-191.2861040228232,3920.912450661129,43.05926388611581,3820.358120360771,54.0,0.08630086574955662,-0.7131224049852642,0.08584600429574954,-0.6986447601870576,0.015436846713166804,0.33570798975493493
2609,25,533,264.330530090726,3842.899620060988,46.2511058172998,3844.421224149216,54.0,0.08630086574955662,-1.171011119270366,0.08584600429574954,-1.1661966095694147,0.015436846713166804,0.30637003227001336
2610,50,533,-32.87294301735424,3776.17863145535,46.2511058172998,3844.421224149216,54.0,0.08630086574955662,-0.3232555004038058,0.08584600429574954,-0.3161217604065515,0.015436846713166804,0.14291005381434096
2611,18,533,55.99463969610678,3684.4657106501672,46.2511058172998,3844.421224149216,54.0,0.08630086574955662,-0.2989943039325811,0.08584600429574954,-0.2780116637038429,0.015436846713166804,0.17584640185080866
2612,18,534,55.99463969610678,3684.4657106501672,27.838527006137475,3838.99962359604,54.0,0.08630086574955662,-0.30358404925536603,0.08584600429574954,-0.28439242353902666,0.015436846713166804,0.17550367145526946
2613,4,535,296.61979068975745,4128.179301772369,250.8258249438829,4077.09190549598,54.0,0.08630086574955662,-0.10870120988082485,0.08584600429574954,-0.10165797884011518,0.015436846713166804,0.06501822968406508
2614,6,535,202.24335058105044,4025.5497211369657,250.8258249438829,4077.09190549598,54.0,0.08630086574955662,-0.230934535786528,0.08584600429574954,-0.23050310404732494,0.015436846713166804,0.09624068115159651
2615,31,535,286.22286085268047,4096.016113555928,250.8258249438829,4077.09190549598,54.0,0.08630086574955662,-0.12437149784655321,0.08584600429574954,-0.12118515078575295,0.015436846713166804,0.04737535209061958
2616,44,535,470.9318574712719,4102.798680980681,250.8258249438829,4077.09190549598,54.0,0.08630086574955662,-0.8207017182215434,0.08584600429574954,-0.8156476507323217,0.015436846713166804,0.24548519082501233
2617,38,535,292.2609771757026,3909.816818957042,250.8258249438829,4077.09190549598,54.0,0.08630086574955662,-0.7001878612516215,0.08584600429574954,-0.6966828675609631,0.015436846713166804,0.22008281740091085
2618,31,536,286.22286085268047,4096.016113555928,269.0070066875137,4069.184449779752,54.0,0.08630086574955662,-0.15938724652635483,0.08584600429574954,-0.1571951632685089,0.015436846713166804,0.039269069490871465
2619,4,536,296.61979068975745,4128.179301772369,269.0070066875137,4069.184449779752,54.0,0.08630086574955662,-0.19014246264222023,0.08584600429574954,-0.18356937229040038,0.015436846713166804,0.06339484266962976
2620,31,537,286.22286085268047,4096.016113555928,218.97355483206192,4065.9952167575098,54.0,0.08630086574955662,-0.23029435289401232,0.08584600429574954,-0.22637893110925245,0.015436846713166804,0.09218926276579653
2621,25,537,275.18212912654,3848.067080065535,218.97355483206192,4065.9952167575098,54.0,0.08630086574955662,-0.5184590731314248,0.08584600429574954,-0.5079346714921346,0.015436846713166804,0.23360121827461142
2622,53,538,275.4374088407163,3843.51011953928,253.3047041406585,4032.075905579567,54.0,0.08630086574955662,-0.47147470072385217,0.08584600429574954,-0.4593478359064614,0.015436846713166804,0.19265641080515397
2623,44,538,470.9318574712719,4102.798680980681,253.3047041406585,4032.075905579567,54.0,0.08630086574955662,-0.9461553895695292,0.08584600429574954,-0.942702374452178,0.015436846713166804,0.26163265431660027
2624,25,538,275.18212912654,3848.067080065535,253.3047041406585,4032.075905579567,54.0,0.08630086574955662,-0.4528638785100543,0.08584600429574954,-0.4407054604734964,0.015436846713166804,0.18562291637038725
2625,38,538,292.2609771757026,3909.816818957042,253.3047041406585,4032.075905579567,54.0,0.08630086574955662,-0.4238250475051733,0.08584600429574954,-0.41885958394215,0.015436846713166804,0.15959297578587806
2626,6,538,202.24335058105044,4025.5497211369657,253.3047041406585,4032.075905579567,54.0,0.08630086574955662,-0.18687516354780018,0.08584600429574954,-0.18801637194197074,0.015436846713166804,0.0688932284625659
2627,31,538,286.22286085268047,4096.016113555928,253.3047041406585,4032.075905579567,54.0,0.08630086574955662,-0.41293626100576786,0.08584600429574954,-0.4109057051127927,0.015436846713166804,0.09173008052680273
2628,53,539,275.4374088407163,3843.51011953928,210.88337358800035,4009.070829044608,54.0,0.08630086574955662,-0.4138923067576254,0.08584600429574954,-0.40307503120852983,0.015436846713166804,0.17665000316839727
2629,25,539,275.18212912654,3848.067080065535,210.88337358800035,4009.070829044608,54.0,0.08630086574955662,-0.3951628306910194,0.08584600429574954,-0.3842341977233196,0.015436846713166804,0.16966031832298065
2630,38,539,292.2609771757026,3909.816818957042,210.88337358800035,4009.070829044608,54.0,0.08630086574955662,-0.3432419207572655,0.08584600429574954,-0.3389617496698709,0.015436846713166804,0.15035361414015352
2631,6,539,202.24335058105044,4025.5497211369657,210.88337358800035,4009.070829044608,54.0,0.08630086574955662,-0.07475842654287526,0.08584600429574954,-0.07492035876678324,0.015436846713166804,0.02626760503270788
2632,28,539,181.0656949265822,4007.0767963031503,210.88337358800035,4009.070829044608,54.0,0.08630086574955662,-0.14702896108173794,0.08584600429574954,-0.1474976396449745,0.015436846713166804,0.0408149141896797
2633,31,539,286.22286085268047,4096.016113555928,210.88337358800035,4009.070829044608,54.0,0.08630086574955662,-0.4799170411140104,0.08584600429574954,-0.4785991995804829,0.015436846713166804,0.1459199946375117
2634,53,540,275.4374088407163,3843.51011953928,249.40203896940795,3977.89614196583,54.0,0.08630086574955662,-0.2509392587363004,0.08584600429574954,-0.242203717092793,0.015436846713166804,0.11953575012715197
2635,44,540,470.9318574712719,4102.798680980681,249.40203896940795,3977.89614196583,54.0,0.08630086574955662,-0.7907870760511776,0.08584600429574954,-0.7835691289332163,0.015436846713166804,0.29065105799998037
2636,38,540,292.2609771757026,3909.816818957042,249.40203896940795,3977.89614196583,54.0,0.08630086574955662,-0.19339360851856707,0.08584600429574954,-0.19053962473758387,0.015436846713166804,0.08899712369487185
2637,25,540,275.18212912654,3848.067080065535,249.40203896940795,3977.89614196583,54.0,0.08630086574955662,-0.2323215847467504,0.08584600429574954,-0.22362984719467224,0.015436846713166804,0.11240759759396164
2638,31,540,286.22286085268047,4096.016113555928,249.40203896940795,3977.89614196583,54.0,0.08630086574955662,-0.6377637964996118,0.08584600429574954,-0.6325323206273878,0.015436846713166804,0.16219077305866936
2639,38,541,292.2609771757026,3909.816818957042,213.75311227222025,3985.814400159764,54.0,0.08630086574955662,-0.29922978074193873,0.08584600429574954,-0.29534523405700797,0.015436846713166804,0.12890650042692245
2640,31,541,286.22286085268047,4096.016113555928,213.75311227222025,3985.814400159764,54.0,0.08630086574955662,-0.5754867313463787,0.08584600429574954,-0.5726158326835886,0.015436846713166804,0.1681675687499326
2641,28,541,181.0656949265822,4007.0767963031503,213.75311227222025,3985.814400159764,54.0,0.08630086574955662,-0.20340564095630398,0.08584600429574954,-0.20278963336964162,0.015436846713166804,0.05245200309289286
2642,53,541,275.4374088407163,3843.51011953928,213.75311227222025,3985.814400159764,54.0,0.08630086574955662,-0.34316200115689216,0.08584600429574954,-0.33397857480091786,0.015436846713166804,0.14632704645101002
2643,25,541,275.18212912654,3848.067080065535,213.75311227222025,3985.814400159764,54.0,0.08630086574955662,-0.3244932502614524,0.08584600429574954,-0.31521474776653596,0.015436846713166804,0.1392688723662746
2644,31,542,286.22286085268047,4096.016113555928,202.69234717139835,3973.005610838789,54.0,0.08630086574955662,-0.6439567041214322,0.08584600429574954,-0.6410489876153619,0.015436846713166804,0.1906929445546841
2645,25,542,264.330530090726,3842.899620060988,202.69234717139835,3973.005610838789,54.0,0.08630086574955662,-0.34452265089790374,0.08584600429574954,-0.3372256622475853,0.015436846713166804,0.1344995315928767
2646,6,542,202.24335058105044,4025.5497211369657,202.69234717139835,3973.005610838789,54.0,0.08630086574955662,-0.21490830642086137,0.08584600429574954,-0.21465318100754358,0.015436846713166804,0.0713440948794523
2647,53,542,275.4374088407163,3843.51011953928,202.69234717139835,3973.005610838789,54.0,0.08630086574955662,-0.3458443077321517,0.08584600429574954,-0.3381832544426223,0.015436846713166804,0.13781353324315948
2648,28,542,181.0656949265822,4007.0767963031503,202.69234717139835,3973.005610838789,54.0,0.08630086574955662,-0.24041681528359465,0.08584600429574954,-0.23900535732808967,0.015436846713166804,0.05244623507728742
2649,38,542,292.2609771757026,3909.816818957042,202.69234717139835,3973.005610838789,54.0,0.08630086574955662,-0.33229375984469284,0.08584600429574954,-0.32993854805178885,0.015436846713166804,0.12767722812994306
2650,25,543,264.330530090726,3842.899620060988,193.13049431647704,3945.745622670177,54.0,0.08630086574955662,-0.23855640572482328,0.08584600429574954,-0.22986893743139836,0.015436846713166804,0.11477714249676352
2651,28,543,181.0656949265822,4007.0767963031503,193.13049431647704,3945.745622670177,54.0,0.08630086574955662,-0.352310747338186,0.08584600429574954,-0.35029496502603186,0.015436846713166804,0.07951809139560054
2652,53,543,275.4374088407163,3843.51011953928,193.13049431647704,3945.745622670177,54.0,0.08630086574955662,-0.23737963388329658,0.08584600429574954,-0.2279505481952262,0.015436846713166804,0.11160796212003535
2653,38,543,292.2609771757026,3909.816818957042,193.13049431647704,3945.745622670177,54.0,0.08630086574955662,-0.3340129999141711,0.08584600429574954,-0.33089310092213553,0.015436846713166804,0.12608300226579625
2654,38,544,292.2609771757026,3909.816818957042,231.2096817700889,3941.271980870057,54.0,0.08630086574955662,-0.1945653104500724,0.08584600429574954,-0.19257120458525862,0.015436846713166804,0.07856644977265323
2655,25,544,275.18212912654,3848.067080065535,231.2096817700889,3941.271980870057,54.0,0.08630086574955662,-0.15947214683760474,0.08584600429574954,-0.15179121320969205,0.015436846713166804,0.08046850215910253
2656,28,544,181.0656949265822,4007.0767963031503,231.2096817700889,3941.271980870057,54.0,0.08630086574955662,-0.39137806104690454,0.08584600429574954,-0.38986559149067024,0.015436846713166804,0.10420010199247433
2657,53,544,275.4374088407163,3843.51011953928,231.2096817700889,3941.271980870057,54.0,0.08630086574955662,-0.17754902005224035,0.08584600429574954,-0.1698235644293146,0.015436846713166804,0.08773318177552472
2658,6,544,202.24335058105044,4025.5497211369657,231.2096817700889,3941.271980870057,54.0,0.08630086574955662,-0.33034902006694045,0.08584600429574954,-0.3288504573026229,0.015436846713166804,0.11493760469769028
2659,25,545,264.330530090726,3842.899620060988,213.2088148446705,3935.668148667985,54.0,0.08630086574955662,-0.1844997401288255,0.08584600429574954,-0.1767357069318274,0.015436846713166804,0.08819147584182375
2660,31,545,286.22286085268047,4096.016113555928,213.2088148446705,3935.668148667985,54.0,0.08630086574955662,-0.7468243215524993,0.08584600429574954,-0.7410720969869737,0.015436846713166804,0.22195437725306616
2661,28,545,181.0656949265822,4007.0767963031503,213.2088148446705,3935.668148667985,54.0,0.08630086574955662,-0.40259363286162636,0.08584600429574954,-0.4009378979689433,0.015436846713166804,0.10005806751670569
2662,38,545,292.2609771757026,3909.816818957042,213.2088148446705,3935.668148667985,54.0,0.08630086574955662,-0.2604935120466739,0.08584600429574954,-0.25786889821785186,0.015436846713166804,0.09685711103889601
2663,12,546,339.7794838460253,3807.442051326752,214.159983359104,3909.3358891854223,54.0,0.08630086574955662,-0.4246955595757905,0.08584600429574954,-0.41756586813059793,0.015436846713166804,0.16706610427249832
2664,38,546,292.2609771757026,3909.816818957042,214.159983359104,3909.3358891854223,54.0,0.08630086574955662,-0.24730188311174556,0.08584600429574954,-0.2454960705349246,0.015436846713166804,0.08905922679351795
2665,25,546,264.330530090726,3842.899620060988,214.159983359104,3909.3358891854223,54.0,0.08630086574955662,-0.11863011428293765,0.08584600429574954,-0.11112300872669108,0.015436846713166804,0.06622382472342601
2666,28,546,181.0656949265822,4007.0767963031503,214.159983359104,3909.3358891854223,54.0,0.08630086574955662,-0.48028830566903497,0.08584600429574954,-0.47754674845402656,0.015436846713166804,0.12994279149992466
2667,53,546,275.4374088407163,3843.51011953928,214.159983359104,3909.3358891854223,54.0,0.08630086574955662,-0.10850935918929822,0.08584600429574954,-0.09963425467507174,0.015436846713166804,0.06222945968935528
2668,25,547,264.330530090726,3842.899620060988,203.71947329620775,3931.023396399216,54.0,0.08630086574955662,-0.17478847062481156,0.08584600429574954,-0.16639267215768397,0.015436846713166804,0.09029473840547739
2669,38,547,292.2609771757026,3909.816818957042,203.71947329620775,3931.023396399216,54.0,0.08630086574955662,-0.3017745076478114,0.08584600429574954,-0.2998953061252103,0.015436846713166804,0.10761615344303799
2670,28,547,181.0656949265822,4007.0767963031503,203.71947329620775,3931.023396399216,54.0,0.08630086574955662,-0.41465840314080876,0.08584600429574954,-0.41241791150495233,0.015436846713166804,0.10175089329433382
2671,31,547,286.22286085268047,4096.016113555928,203.71947329620775,3931.023396399216,54.0,0.08630086574955662,-0.7888687101679788,0.08584600429574954,-0.7843323514189263,0.015436846713166804,0.23199229513050995
2672,53,547,275.4374088407163,3843.51011953928,203.71947329620775,3931.023396399216,54.0,0.08630086574955662,-0.1720642530584286,0.08584600429574954,-0.162823843762551,0.015436846713166804,0.08732861203587731
2673,22,548,282.91308227706304,4129.966613278081,217.78621872145484,4016.709547047492,54.0,0.08630086574955662,-0.34034316628631794,0.08584600429574954,-0.33539881427347623,0.015436846713166804,0.15316339556773675
2674,21,548,129.6510563411616,4132.672991581291,217.78621872145484,4016.709547047492,54.0,0.08630086574955662,-0.5155278710900133,0.08584600429574954,-0.5153101128363486,0.015436846713166804,0.1951640188758343
2675,19,548,298.45947748194794,4119.807970449649,217.78621872145484,4016.709547047492,54.0,0.08630086574955662,-0.42823612525783095,0.08584600429574954,-0.42321795230014997,0.015436846713166804,0.1475826438082245
2676,19,549,309.4846467710166,4112.556925703692,252.93723737990092,4019.171331489568,54.0,0.08630086574955662,-0.5937241489971022,0.08584600429574954,-0.5909374490193229,0.015436846713166804,0.13635104848919238
2677,19,550,299.333811544001,4119.231932352913,208.42466583089583,3984.700961738825,54.0,0.08630086574955662,-0.6031779485393706,0.08584600429574954,-0.5973982961984194,0.015436846713166804,0.1905524102905901
2678,21,550,124.45428010981314,4129.789586920044,208.42466583089583,3984.700961738825,54.0,0.08630086574955662,-0.5785761073128086,0.08584600429574954,-0.5725129301880431,0.015436846713166804,0.22116224727365294
2679,38,550,292.2609771757026,3909.816818957042,208.42466583089583,3984.700961738825,54.0,0.08630086574955662,-0.3214409693840889,0.08584600429574954,-0.31798545281929896,0.015436846713166804,0.13295059493656736
2680,28,550,181.0656949265822,4007.0767963031503,208.42466583089583,3984.700961738825,54.0,0.08630086574955662,-0.19356075892117666,0.08584600429574954,-0.1928043693436889,0.015436846713166804,0.04719224192461695
2681,53,550,275.4374088407163,3843.51011953928,208.42466583089583,3984.700961738825,54.0,0.08630086574955662,-0.3656193588036812,0.08584600429574954,-0.3574204875369301,0.015436846713166804,0.14749302121320224
2682,22,550,282.91308227706304,4129.966613278081,208.42466583089583,3984.700961738825,54.0,0.08630086574955662,-0.48606011350151035,0.08584600429574954,-0.48072341900671733,0.015436846713166804,0.1954692961431727
2683,25,550,273.32909346927136,3847.2246062468,208.42466583089583,3984.700961738825,54.0,0.08630086574955662,-0.3483630594846468,0.08584600429574954,-0.34021768378286493,0.015436846713166804,0.14091157580862557
2684,31,551,286.22286085268047,4096.016113555928,256.83766692814663,3977.954207213813,54.0,0.08630086574955662,-0.6449937087590872,0.08584600429574954,-0.6398406989045122,0.015436846713166804,0.1595344188929673
2685,22,551,282.91308227706304,4129.966613278081,256.83766692814663,3977.954207213813,54.0,0.08630086574955662,-0.6156812356617123,0.08584600429574954,-0.6061974879533686,0.015436846713166804,0.18272628726191084
2686,63,551,316.49031405012005,3929.154743051912,256.83766692814663,3977.954207213813,54.0,0.08630086574955662,-0.20980029583669468,0.08584600429574954,-0.20899653016830422,0.015436846713166804,0.09047137198154388
2687,19,551,309.4846467710166,4112.556925703692,256.83766692814663,3977.954207213813,54.0,0.08630086574955662,-0.718141761863664,0.08584600429574954,-0.7119173600048967,0.015436846713166804,0.1829814082535063
2688,44,551,470.9318574712719,4102.798680980681,256.83766692814663,3977.954207213813,54.0,0.08630086574955662,-0.7591780106380792,0.08584600429574954,-0.7524511036297977,0.015436846713166804,0.2821010045207739
2689,25,551,275.18212912654,3848.067080065535,256.83766692814663,3977.954207213813,54.0,0.08630086574955662,-0.23248437928851695,0.08584600429574954,-0.22373243406981258,0.015436846713166804,0.11170805580493387
2690,21,551,129.6510563411616,4132.672991581291,256.83766692814663,3977.954207213813,54.0,0.08630086574955662,-0.6688488378793884,0.08584600429574954,-0.6664585559937648,0.015436846713166804,0.2633404112253605
2691,38,551,292.2609771757026,3909.816818957042,256.83766692814663,3977.954207213813,54.0,0.08630086574955662,-0.18805016030793426,0.08584600429574954,-0.1851692860874473,0.015436846713166804,0.0851691907055965
2692,53,551,275.4374088407163,3843.51011953928,256.83766692814663,3977.954207213813,54.0,0.08630086574955662,-0.25115912724211586,0.08584600429574954,-0.24239723887220946,0.015436846713166804,0.11888521852319041
2693,22,552,282.91308227706304,4129.966613278081,216.7424768273763,3934.5668680946055,54.0,0.08630086574955662,-0.6507269056005602,0.08584600429574954,-0.6414633942106484,0.015436846713166804,0.24128242493010252
2694,38,552,292.2609771757026,3909.816818957042,216.7424768273763,3934.5668680946055,54.0,0.08630086574955662,-0.24746790624414958,0.08584600429574954,-0.24487152613500587,0.015436846713166804,0.09201272395666982
2695,25,552,264.330530090726,3842.899620060988,216.7424768273763,3934.5668680946055,54.0,0.08630086574955662,-0.17806439317554423,0.08584600429574954,-0.1704692390185806,0.015436846713166804,0.08423726268790843
2696,21,552,108.47030925195396,4120.840536891812,216.7424768273763,3934.5668680946055,54.0,0.08630086574955662,-0.7287178168173761,0.08584600429574954,-0.7155737281003992,0.015436846713166804,0.26024984753861413
2697,31,552,286.22286085268047,4096.016113555928,216.7424768273763,3934.5668680946055,54.0,0.08630086574955662,-0.7374555977713713,0.08584600429574954,-0.7308793922705871,0.015436846713166804,0.22194508569420018
2698,53,552,275.4374088407163,3843.51011953928,216.7424768273763,3934.5668680946055,54.0,0.08630086574955662,-0.18518712101617835,0.08584600429574954,-0.17726028946637726,0.015436846713166804,0.08652965749235911
2699,28,552,181.0656949265822,4007.0767963031503,216.7424768273763,3934.5668680946055,54.0,0.08630086574955662,-0.4096948303920747,0.08584600429574954,-0.4081373938233348,0.015436846713166804,0.10331949480658896
2700,21,553,103.34699834515416,4117.964937310308,193.2304932149353,3912.590394161609,54.0,0.08630086574955662,-0.6388209976398203,0.08584600429574954,-0.6279558549129324,0.015436846713166804,0.2749292134164575
2701,25,553,264.330530090726,3842.899620060988,193.2304932149353,3912.590394161609,54.0,0.08630086574955662,-0.18281190440142242,0.08584600429574954,-0.17553578108578402,0.015436846713166804,0.09686109826888145
2702,18,553,126.52937545907687,3669.1679992851136,193.2304932149353,3912.590394161609,54.0,0.08630086574955662,-1.0890726391637147,0.08584600429574954,-1.0874118888768372,0.015436846713166804,0.3568581630168305
2703,53,553,275.4374088407163,3843.51011953928,193.2304932149353,3912.590394161609,54.0,0.08630086574955662,-0.1731738080884847,0.08584600429574954,-0.16440778471465814,0.015436846713166804,0.09335316686368843
2704,38,553,292.2609771757026,3909.816818957042,193.2304932149353,3912.590394161609,54.0,0.08630086574955662,-0.2973244560907156,0.08584600429574954,-0.29477179925541025,0.015436846713166804,0.11284519451971001
2705,22,554,282.91308227706304,4129.966613278081,223.3428052277796,3989.2837293720168,54.0,0.08630086574955662,-0.450067072175344,0.08584600429574954,-0.44387872941792744,0.015436846713166804,0.17710795272435564
2706,25,554,275.18212912654,3848.067080065535,223.3428052277796,3989.2837293720168,54.0,0.08630086574955662,-0.28404315148572284,0.08584600429574954,-0.27272576198714804,0.015436846713166804,0.1369842851117525
2707,22,555,282.91308227706304,4129.966613278081,246.06942951702663,3981.67837797846,54.0,0.08630086574955662,-0.5591957961139111,0.08584600429574954,-0.5510454692796677,0.015436846713166804,0.17910551582864784
2708,44,555,470.9318574712719,4102.798680980681,246.06942951702663,3981.67837797846,54.0,0.08630086574955662,-0.8095533703935228,0.08584600429574954,-0.8026432400605108,0.015436846713166804,0.2923994745295104
2709,38,555,292.2609771757026,3909.816818957042,246.06942951702663,3981.67837797846,54.0,0.08630086574955662,-0.20281483396495684,0.08584600429574954,-0.1998094494658726,0.015436846713166804,0.09454609657711889
2710,31,555,286.22286085268047,4096.016113555928,246.06942951702663,3981.67837797846,54.0,0.08630086574955662,-0.6189700192464284,0.08584600429574954,-0.6146171732634477,0.015436846713166804,0.15829234060058145
2711,19,555,309.4846467710166,4112.556925703692,246.06942951702663,3981.67837797846,54.0,0.08630086574955662,-0.7215837801227666,0.08584600429574954,-0.7163377231276796,0.015436846713166804,0.18466491064359808
2712,28,555,181.0656949265822,4007.0767963031503,246.06942951702663,3981.67837797846,54.0,0.08630086574955662,-0.2768873787727475,0.08584600429574954,-0.2755009052426554,0.015436846713166804,0.09054613846412812
2713,53,555,275.4374088407163,3843.51011953928,246.06942951702663,3981.67837797846,54.0,0.08630086574955662,-0.2654206178591752,0.08584600429574954,-0.25619042456852176,0.015436846713166804,0.1261756245539362
2714,25,555,275.18212912654,3848.067080065535,246.06942951702663,3981.67837797846,54.0,0.08630086574955662,-0.24666569843022634,0.08584600429574954,-0.2374934072587546,0.015436846713166804,0.11901436475559375
2715,63,555,316.49031405012005,3929.154743051912,246.06942951702663,3981.67837797846,54.0,0.08630086574955662,-0.2286609777546495,0.08584600429574954,-0.22682444765791948,0.015436846713166804,0.10155742378943015
2716,38,556,292.2609771757026,3909.816818957042,279.6006376701204,4002.5337399919367,54.0,0.08630086574955662,-0.2869375701045049,0.08584600429574954,-0.28676123045048,0.015436846713166804,0.11555701732428535
2717,22,556,282.91308227706304,4129.966613278081,279.6006376701204,4002.5337399919367,54.0,0.08630086574955662,-0.6284779611149699,0.08584600429574954,-0.6222514510132,0.015436846713166804,0.14478879519661128
2718,25,556,275.18212912654,3848.067080065535,279.6006376701204,4002.5337399919367,54.0,0.08630086574955662,-0.5096579748080895,0.08584600429574954,-0.5100197938007024,0.015436846713166804,0.18536802477037786
2719,19,556,309.4846467710166,4112.556925703692,279.6006376701204,4002.5337399919367,54.0,0.08630086574955662,-0.6057569854029768,0.08584600429574954,-0.604715044943137,0.015436846713166804,0.14050907566634682
2720,44,556,470.9318574712719,4102.798680980681,279.6006376701204,4002.5337399919367,54.0,0.08630086574955662,-0.6997368889836122,0.08584600429574954,-0.696295112590289,0.015436846713166804,0.24306363825583244
2721,31,556,286.22286085268047,4096.016113555928,279.6006376701204,4002.5337399919367,54.0,0.08630086574955662,-0.5822440040770913,0.08584600429574954,-0.5802062961247063,0.015436846713166804,0.12009843914993606
2722,53,556,275.4374088407163,3843.51011953928,279.6006376701204,4002.5337399919367,54.0,0.08630086574955662,-0.529785112281591,0.08584600429574954,-0.530400684638374,0.015436846713166804,0.19293748980011555
2723,28,557,181.0656949265822,4007.0767963031503,192.79701301972855,3981.811109796079,54.0,0.08630086574955662,-0.17235340400486288,0.08584600429574954,-0.17134783935724937,0.015436846713166804,0.036491929933392175
2724,22,557,282.91308227706304,4129.966613278081,192.79701301972855,3981.811109796079,54.0,0.08630086574955662,-0.5362440939342811,0.08584600429574954,-0.5303663926139063,0.015436846713166804,0.2109384820205504
2725,31,557,286.22286085268047,4096.016113555928,192.79701301972855,3981.811109796079,54.0,0.08630086574955662,-0.6437925918686086,0.08584600429574954,-0.6415324566954006,0.015436846713166804,0.1885698022409752
2726,63,557,316.49031405012005,3929.154743051912,192.79701301972855,3981.811109796079,54.0,0.08630086574955662,-0.40798068677411764,0.08584600429574954,-0.4038820568537984,0.015436846713166804,0.1569654106648083
2727,38,557,292.2609771757026,3909.816818957042,192.79701301972855,3981.811109796079,54.0,0.08630086574955662,-0.4051077633226081,0.08584600429574954,-0.4021392767024694,0.015436846713166804,0.14451737403630596
2728,53,557,275.4374088407163,3843.51011953928,192.79701301972855,3981.811109796079,54.0,0.08630086574955662,-0.42587236392222216,0.08584600429574954,-0.4176745829045281,0.015436846713166804,0.1537697756644838
2729,19,557,298.45947748194794,4119.807970449649,192.79701301972855,3981.811109796079,54.0,0.08630086574955662,-0.6337999937604515,0.08584600429574954,-0.6280728779072473,0.015436846713166804,0.20451942715406393
2730,25,557,264.330530090726,3842.899620060988,192.79701301972855,3981.811109796079,54.0,0.08630086574955662,-0.41780552765888845,0.08584600429574954,-0.40968155776639287,0.015436846713166804,0.15110559252957173
2731,21,557,111.49023396136688,4122.591928180344,192.79701301972855,3981.811109796079,54.0,0.08630086574955662,-0.5014510746272027,0.08584600429574954,-0.48916704576532366,0.015436846713166804,0.1951212338672798
2732,53,558,275.4374088407163,3843.51011953928,282.20374954028966,3983.706942123103,54.0,0.08630086574955662,-0.46398307859551785,0.08584600429574954,-0.4647726353227152,0.015436846713166804,0.16789438563557582
2733,19,558,309.4846467710166,4112.556925703692,282.20374954028966,3983.706942123103,54.0,0.08630086574955662,-0.6377897103372236,0.08584600429574954,-0.6367761402595846,0.015436846713166804,0.16401954296163251
2734,25,558,275.18212912654,3848.067080065535,282.20374954028966,3983.706942123103,54.0,0.08630086574955662,-0.44349666851039904,0.08584600429574954,-0.44402966240532105,0.015436846713166804,0.16020178663519102
2735,22,558,282.91308227706304,4129.966613278081,282.20374954028966,3983.706942123103,54.0,0.08630086574955662,-0.6950726401520994,0.08584600429574954,-0.6886788586002015,0.015436846713166804,0.17013278172572777
2736,38,558,292.2609771757026,3909.816818957042,282.20374954028966,3983.706942123103,54.0,0.08630086574955662,-0.22015303947233175,0.08584600429574954,-0.22014953059171738,0.015436846713166804,0.09021356340419162
2737,44,558,470.9318574712719,4102.798680980681,282.20374954028966,3983.706942123103,54.0,0.08630086574955662,-0.6677309225428828,0.08584600429574954,-0.6622676656226995,0.015436846713166804,0.25026284101427115
2738,63,558,316.49031405012005,3929.154743051912,282.20374954028966,3983.706942123103,54.0,0.08630086574955662,-0.21686386969502947,0.08584600429574954,-0.21847089661644636,0.015436846713166804,0.0817495407059318
2739,21,559,112.03870300957362,4122.900375703423,203.2927786194446,3965.297674897721,54.0,0.08630086574955662,-0.6113234833256975,0.08584600429574954,-0.5986621071672463,0.015436846713166804,0.22009776660527455
2740,53,559,275.4374088407163,3843.51011953928,203.2927786194446,3965.297674897721,54.0,0.08630086574955662,-0.3185077934018996,0.08584600429574954,-0.31082413405541676,0.015436846713166804,0.12948088591893397
2741,28,559,181.0656949265822,4007.0767963031503,203.2927786194446,3965.297674897721,54.0,0.08630086574955662,-0.27676994655334103,0.08584600429574954,-0.2752822126040457,0.015436846713166804,0.06064065030695688
2742,25,559,264.330530090726,3842.899620060988,203.2927786194446,3965.297674897721,54.0,0.08630086574955662,-0.31210090526519885,0.08584600429574954,-0.3046506479686351,0.015436846713166804,0.12651161055894417
2743,38,559,292.2609771757026,3909.816818957042,203.2927786194446,3965.297674897721,54.0,0.08630086574955662,-0.3215041775384953,0.08584600429574954,-0.31941261160051193,0.015436846713166804,0.12172189356619266
2744,22,559,282.91308227706304,4129.966613278081,203.2927786194446,3965.297674897721,54.0,0.08630086574955662,-0.5755996652894773,0.08584600429574954,-0.5698741552692492,0.015436846713166804,0.2199231866620478
2745,25,560,275.18212912654,3848.067080065535,222.10039796658828,3969.629559878969,54.0,0.08630086574955662,-0.24250331126648925,0.08584600429574954,-0.23311714871290992,0.015436846713166804,0.11532224127433871
2746,63,560,316.49031405012005,3929.154743051912,222.10039796658828,3969.629559878969,54.0,0.08630086574955662,-0.25475034595738816,0.08584600429574954,-0.25108196372981434,0.015436846713166804,0.11663788030980923
2747,22,560,282.91308227706304,4129.966613278081,222.10039796658828,3969.629559878969,54.0,0.08630086574955662,-0.5235670775512951,0.08584600429574954,-0.5163642542317805,0.015436846713166804,0.19852093494907536
2748,53,560,275.4374088407163,3843.51011953928,222.10039796658828,3969.629559878969,54.0,0.08630086574955662,-0.2602811104879624,0.08584600429574954,-0.25091462459890695,0.015436846713166804,0.12244077672022284
2749,38,560,292.2609771757026,3909.816818957042,222.10039796658828,3969.629559878969,54.0,0.08630086574955662,-0.23949450227564467,0.08584600429574954,-0.23640773586923725,0.015436846713166804,0.10640147681200401
2750,25,561,275.18212912654,3848.067080065535,236.3271697378009,3965.095470247745,54.0,0.08630086574955662,-0.22042458718641733,0.08584600429574954,-0.21058329808827084,0.015436846713166804,0.10463776031364957
2751,38,561,292.2609771757026,3909.816818957042,236.3271697378009,3965.095470247745,54.0,0.08630086574955662,-0.20023251411390958,0.08584600429574954,-0.19794376175815595,0.015436846713166804,0.0903602972304734
2752,44,561,470.9318574712719,4102.798680980681,236.3271697378009,3965.095470247745,54.0,0.08630086574955662,-0.8106526333908002,0.08584600429574954,-0.801728178662275,0.015436846713166804,0.3100964297357158
2753,21,562,103.34699834515416,4117.964937310308,192.940446962362,3945.496639258913,54.0,0.08630086574955662,-0.6020945706285172,0.08584600429574954,-0.5910326208032561,0.015436846713166804,0.23179407290063134
2754,31,562,286.22286085268047,4096.016113555928,192.940446962362,3945.496639258913,54.0,0.08630086574955662,-0.7774635410570336,0.08584600429574954,-0.7739457235692304,0.015436846713166804,0.22534246714064718
2755,25,562,264.330530090726,3842.899620060988,192.940446962362,3945.496639258913,54.0,0.08630086574955662,-0.23850189173586167,0.08584600429574954,-0.22982697386901071,0.015436846713166804,0.11486245374082844
2756,28,562,181.0656949265822,4007.0767963031503,192.940446962362,3945.496639258913,54.0,0.08630086574955662,-0.3529361026976147,0.08584600429574954,-0.3509163560989744,0.015436846713166804,0.0798025078556368
2757,38,562,292.2609771757026,3909.816818957042,192.940446962362,3945.496639258913,54.0,0.08630086574955662,-0.3348960745549887,0.08584600429574954,-0.3317612428129379,0.015436846713166804,0.12622003204852392
2758,19,562,307.1218164610252,4114.164913869932,192.940446962362,3945.496639258913,54.0,0.08630086574955662,-0.8944219563339596,0.08584600429574954,-0.8890292480709557,0.015436846713166804,0.25251327211121327
2759,22,562,282.91308227706304,4129.966613278081,192.940446962362,3945.496639258913,54.0,0.08630086574955662,-0.6780822516310143,0.08584600429574954,-0.67209509569163,0.015436846713166804,0.2481864057084194
2760,53,562,275.4374088407163,3843.51011953928,192.940446962362,3945.496639258913,54.0,0.08630086574955662,-0.23651413376932479,0.08584600429574954,-0.2270575834951094,0.015436846713166804,0.11142252377237316
2761,63,562,316.49031405012005,3929.154743051912,192.940446962362,3945.496639258913,54.0,0.08630086574955662,-0.34594598640648344,0.08584600429574954,-0.3442117485423558,0.015436846713166804,0.14793574713749716
2762,25,563,265.7216829229695,3843.530145988166,217.36962251063744,3945.754127331859,54.0,0.08630086574955662,-0.20698689399480222,0.08584600429574954,-0.1992521124037197,0.015436846713166804,0.09410266089183814
2763,19,563,309.4846467710166,4112.556925703692,217.36962251063744,3945.754127331859,54.0,0.08630086574955662,-0.8407124257138716,0.08584600429574954,-0.8342655723840848,0.015436846713166804,0.23767772561245012
2764,22,563,282.91308227706304,4129.966613278081,217.36962251063744,3945.754127331859,54.0,0.08630086574955662,-0.6185875880066015,0.08584600429574954,-0.6104655887024674,0.015436846713166804,0.2275347183896279
2765,38,563,292.2609771757026,3909.816818957042,217.36962251063744,3945.754127331859,54.0,0.08630086574955662,-0.23911118549686713,0.08584600429574954,-0.23660536951054723,0.015436846713166804,0.09612118679781305
2766,53,563,275.4374088407163,3843.51011953928,217.36962251063744,3945.754127331859,54.0,0.08630086574955662,-0.21593455711371934,0.08584600429574954,-0.2080002024954225,0.015436846713166804,0.09949736928103999
2767,21,563,113.95545875675744,4123.924687226845,217.36962251063744,3945.754127331859,54.0,0.08630086574955662,-0.7214807296624457,0.08584600429574954,-0.7097902353068285,0.015436846713166804,0.2527532405967143
2768,18,564,126.52937545907687,3669.1679992851136,220.543097825573,3910.490639159292,54.0,0.08630086574955662,-1.1615146980142261,0.08584600429574954,-1.1563802580180704,0.015436846713166804,0.36663092557706045
2769,25,564,264.330530090726,3842.899620060988,220.543097825573,3910.490639159292,54.0,0.08630086574955662,-0.10555001512176007,0.08584600429574954,-0.09794362721427328,0.015436846713166804,0.05861447409057368
2770,38,564,292.2609771757026,3909.816818957042,220.543097825573,3910.490639159292,54.0,0.08630086574955662,-0.2325905124815035,0.08584600429574954,-0.23098966589338246,0.015436846713166804,0.08192566658090404
2771,53,564,275.4374088407163,3843.51011953928,220.543097825573,3910.490639159292,54.0,0.08630086574955662,-0.09987340781974494,0.08584600429574954,-0.09121257400205082,0.015436846713166804,0.05581271086946739
2772,38,565,292.2609771757026,3909.816818957042,244.3927331677535,4039.453609614884,54.0,0.08630086574955662,-0.4247212103123308,0.08584600429574954,-0.41936005357293094,0.015436846713166804,0.16944203221310222
2773,31,565,286.22286085268047,4096.016113555928,244.3927331677535,4039.453609614884,54.0,0.08630086574955662,-0.35037485343480934,0.08584600429574954,-0.3483510919515132,0.015436846713166804,0.0880945628842506
2774,25,565,275.18212912654,3848.067080065535,244.3927331677535,4039.453609614884,54.0,0.08630086574955662,-0.42170394048117993,0.08584600429574954,-0.41000242068115117,0.015436846713166804,0.1912588260632448
2775,53,565,275.4374088407163,3843.51011953928,244.3927331677535,4039.453609614884,54.0,0.08630086574955662,-0.438934968397014,0.08584600429574954,-0.4272366592498692,0.015436846713166804,0.19807760153069498
2776,19,565,298.45947748194794,4119.807970449649,244.3927331677535,4039.453609614884,54.0,0.08630086574955662,-0.3625971825503114,0.08584600429574954,-0.35722014825338955,0.015436846713166804,0.10443706495134536
2777,22,565,282.91308227706304,4129.966613278081,244.3927331677535,4039.453609614884,54.0,0.08630086574955662,-0.2917377174935366,0.08584600429574954,-0.28652811633387426,0.015436846713166804,0.10878114525297651
2778,21,565,129.6510563411616,4132.672991581291,244.3927331677535,4039.453609614884,54.0,0.08630086574955662,-0.5596136566604588,0.08584600429574954,-0.560102988882121,0.015436846713166804,0.19886275487487476
2779,21,566,129.6510563411616,4132.672991581291,235.85174675780948,4052.0064504657407,54.0,0.08630086574955662,-0.5059882680110711,0.08584600429574954,-0.505581177627493,0.015436846713166804,0.18038226239977428
2780,19,566,298.45947748194794,4119.807970449649,235.85174675780948,4052.0064504657407,54.0,0.08630086574955662,-0.23876057201784615,0.08584600429574954,-0.23216832114494615,0.015436846713166804,0.09641113946933169
2781,44,566,470.9318574712719,4102.798680980681,235.85174675780948,4052.0064504657407,54.0,0.08630086574955662,-1.0884707803184064,0.08584600429574954,-1.087176317332994,0.015436846713166804,0.2812195563092021
2782,31,566,286.22286085268047,4096.016113555928,235.85174675780948,4052.0064504657407,54.0,0.08630086574955662,-0.2646502694793848,0.08584600429574954,-0.26161410769494264,0.015436846713166804,0.08336380493267276
2783,22,566,282.91308227706304,4129.966613278081,235.85174675780948,4052.0064504657407,54.0,0.08630086574955662,-0.1959073164608854,0.08584600429574954,-0.19005219512217883,0.015436846713166804,0.10181234586156153
2784,25,566,275.18212912654,3848.067080065535,235.85174675780948,4052.0064504657407,54.0,0.08630086574955662,-0.4410457973207204,0.08584600429574954,-0.4308210191455983,0.015436846713166804,0.20570466666904966
2785,19,567,298.45947748194794,4119.807970449649,240.6308949961324,4066.355460037511,54.0,0.08630086574955662,-0.14617664977988096,0.08584600429574954,-0.13936906479840236,0.015436846713166804,0.07665217006278069
2786,22,567,282.91308227706304,4129.966613278081,240.6308949961324,4066.355460037511,54.0,0.08630086574955662,-0.15682896361023516,0.08584600429574954,-0.15134563123763337,0.015436846713166804,0.08362863628420285
2787,25,567,275.18212912654,3848.067080065535,240.6308949961324,4066.355460037511,54.0,0.08630086574955662,-0.5110995554041929,0.08584600429574954,-0.499402421379333,0.015436846713166804,0.22711532910555654
2788,44,567,470.9318574712719,4102.798680980681,240.6308949961324,4066.355460037511,54.0,0.08630086574955662,-1.020374373195418,0.08584600429574954,-1.0190093007831469,0.015436846713166804,0.26758075249949326
2789,21,567,129.6510563411616,4132.672991581291,240.6308949961324,4066.355460037511,54.0,0.08630086574955662,-0.4721087909717754,0.08584600429574954,-0.4705845402279483,0.015436846713166804,0.17369582367182457
2790,31,567,286.22286085268047,4096.016113555928,240.6308949961324,4066.355460037511,54.0,0.08630086574955662,-0.1835272590795977,0.08584600429574954,-0.18022746081018887,0.015436846713166804,0.06614535746505937
2791,31,568,286.22286085268047,4096.016113555928,272.0036303115525,4087.9698110724366,54.0,0.08630086574955662,-0.08101300407921912,0.08584600429574954,-0.07949416207108986,0.015436846713166804,0.02135576680479252
2792,19,568,298.45947748194794,4119.807970449649,272.0036303115525,4087.9698110724366,54.0,0.08630086574955662,-0.08464910758539676,0.08584600429574954,-0.08003093818376703,0.015436846713166804,0.033503453913940495
2793,64,568,251.14156651564912,4194.6094429104505,272.0036303115525,4087.9698110724366,54.0,0.08630086574955662,-0.3088747449802398,0.08584600429574954,-0.3034236408868528,0.015436846713166804,0.13931203040820925
2794,21,568,129.6510563411616,4132.672991581291,272.0036303115525,4087.9698110724366,54.0,0.08630086574955662,-0.4752312198698005,0.08584600429574954,-0.4698586006262854,0.015436846713166804,0.19164813342674722
2795,44,568,470.9318574712719,4102.798680980681,272.0036303115525,4087.9698110724366,54.0,0.08630086574955662,-0.7512660500866396,0.08584600429574954,-0.7465771464069265,0.015436846713166804,0.21938801515602915
2796,22,568,282.91308227706304,4129.966613278081,272.0036303115525,4087.9698110724366,54.0,0.08630086574955662,-0.05846636933073834,0.08584600429574954,-0.053546860012648155,0.015436846713166804,0.03577276317288107
2797,38,569,292.2609771757026,3909.816818957042,201.40797252687383,3996.1355278762608,54.0,0.08630086574955662,-0.37017740000051735,0.08584600429574954,-0.3661268671253828,0.015436846713166804,0.15070869439170292
2798,25,569,271.93633125170743,3846.482056580667,201.40797252687383,3996.1355278762608,54.0,0.08630086574955662,-0.40982782059120093,0.08584600429574954,-0.40152421042176345,0.015436846713166804,0.15956954382832128
2799,63,569,316.49031405012005,3929.154743051912,201.40797252687383,3996.1355278762608,54.0,0.08630086574955662,-0.3710681723645806,0.08584600429574954,-0.3668805221686702,0.015436846713166804,0.15670974127718965
2800,28,569,181.0656949265822,4007.0767963031503,201.40797252687383,3996.1355278762608,54.0,0.08630086574955662,-0.1324074409777688,0.08584600429574954,-0.13229425555439497,0.015436846713166804,0.03128821169118903
2801,22,569,282.91308227706304,4129.966613278081,201.40797252687383,3996.1355278762608,54.0,0.08630086574955662,-0.4358088758354586,0.08584600429574954,-0.43077925814035106,0.015436846713166804,0.18946963991916901
2802,53,569,275.4374088407163,3843.51011953928,201.40797252687383,3996.1355278762608,54.0,0.08630086574955662,-0.4246438296604103,0.08584600429574954,-0.4162624170852087,0.015436846713166804,0.16571518167332228
2803,31,569,286.22286085268047,4096.016113555928,201.40797252687383,3996.1355278762608,54.0,0.08630086574955662,-0.5455211437733072,0.08584600429574954,-0.544169962185931,0.015436846713166804,0.16733911950585345
2804,21,569,124.27178117802497,4129.6865207267165,201.40797252687383,3996.1355278762608,54.0,0.08630086574955662,-0.5212935146867295,0.08584600429574954,-0.5153127488311754,0.015436846713166804,0.2027387493225956
2805,19,569,298.45947748194794,4119.807970449649,201.40797252687383,3996.1355278762608,54.0,0.08630086574955662,-0.5304773691781113,0.08584600429574954,-0.5255227667622454,0.015436846713166804,0.18307309602593858
2806,53,570,275.4374088407163,3843.51011953928,224.482998151289,4001.4216244713134,54.0,0.08630086574955662,-0.32392323985510907,0.08584600429574954,-0.3117876406870212,0.015436846713166804,0.1563774162187809
2807,44,570,470.9318574712719,4102.798680980681,224.482998151289,4001.4216244713134,54.0,0.08630086574955662,-0.9679863724573525,0.08584600429574954,-0.9620642800766064,0.015436846713166804,0.31196060997182
2808,25,570,275.18212912654,3848.067080065535,224.482998151289,4001.4216244713134,54.0,0.08630086574955662,-0.306795060348684,0.08584600429574954,-0.2946641117161451,0.015436846713166804,0.149376856561544
2809,22,570,282.91308227706304,4129.966613278081,224.482998151289,4001.4216244713134,54.0,0.08630086574955662,-0.402089958909224,0.08584600429574954,-0.39644058693174233,0.015436846713166804,0.16350227834198233
2810,19,570,302.4823843911005,4117.158992605725,224.482998151289,4001.4216244713134,54.0,0.08630086574955662,-0.5588117629744618,0.08584600429574954,-0.5534291145628095,0.015436846713166804,0.16366837345904767
2811,38,570,292.2609771757026,3909.816818957042,224.482998151289,4001.4216244713134,54.0,0.08630086574955662,-0.269613620712341,0.08584600429574954,-0.26513513921658327,0.015436846713166804,0.1288594414950578
2812,21,570,129.6510563411616,4132.672991581291,224.482998151289,4001.4216244713134,54.0,0.08630086574955662,-0.5713446056077472,0.08584600429574954,-0.5706422436529323,0.015436846713166804,0.2167047075332662
2813,31,570,286.22286085268047,4096.016113555928,224.482998151289,4001.4216244713134,54.0,0.08630086574955662,-0.4962810564545129,0.08584600429574954,-0.4936788511869815,0.015436846713166804,0.142466882094779
2814,63,570,316.49031405012005,3929.154743051912,224.482998151289,4001.4216244713134,54.0,0.08630086574955662,-0.2993501417574642,0.08584600429574954,-0.2960083921251709,0.015436846713166804,0.1364019882868015
2815,25,571,275.18212912654,3848.067080065535,229.5458883605087,4016.746868363543,54.0,0.08630086574955662,-0.34234839641930015,0.08584600429574954,-0.3306359590978832,0.015436846713166804,0.16649902124373725
2816,22,571,282.91308227706304,4129.966613278081,229.5458883605087,4016.746868363543,54.0,0.08630086574955662,-0.3511135080248364,0.08584600429574954,-0.3460096105860432,0.015436846713166804,0.14349192550177906
2817,53,571,275.4374088407163,3843.51011953928,229.5458883605087,4016.746868363543,54.0,0.08630086574955662,-0.36046031856063854,0.08584600429574954,-0.34861290893534597,0.015436846713166804,0.17342349232156848
2818,44,571,470.9318574712719,4102.798680980681,229.5458883605087,4016.746868363543,54.0,0.08630086574955662,-1.0156693227378002,0.08584600429574954,-1.0113310398094506,0.015436846713166804,0.296223237435829
2819,19,571,298.7204368748345,4119.579668603218,229.5458883605087,4016.746868363543,54.0,0.08630086574955662,-0.45036999336053074,0.08584600429574954,-0.4451898873584153,0.015436846713166804,0.13893959525032668
2820,38,571,292.2609771757026,3909.816818957042,229.5458883605087,4016.746868363543,54.0,0.08630086574955662,-0.3010569461013605,0.08584600429574954,-0.2958390068626908,0.015436846713166804,0.14170146853521576
2821,21,571,129.6510563411616,4132.672991581291,229.5458883605087,4016.746868363543,54.0,0.08630086574955662,-0.5485067030013416,0.08584600429574954,-0.5489652574139,0.015436846713166804,0.20571272206366673
2822,31,571,286.22286085268047,4096.016113555928,229.5458883605087,4016.746868363543,54.0,0.08630086574955662,-0.4385132151904364,0.08584600429574954,-0.4366545748537723,0.015436846713166804,0.12238374343047803
2823,25,572,275.18212912654,3848.067080065535,227.90513404909052,4039.235656730924,54.0,0.08630086574955662,-0.41152886818732926,0.08584600429574954,-0.40052695813256883,0.015436846713166804,0.19469990770476106
2824,22,572,282.91308227706304,4129.966613278081,227.90513404909052,4039.235656730924,54.0,0.08630086574955662,-0.24512764127431386,0.08584600429574954,-0.23963008069305364,0.015436846713166804,0.12106932736048613
2825,53,572,275.4374088407163,3843.51011953928,227.90513404909052,4039.235656730924,54.0,0.08630086574955662,-0.4295237374598875,0.08584600429574954,-0.41840157210634626,0.015436846713166804,0.20156691155743406
2826,44,572,470.9318574712719,4102.798680980681,227.90513404909052,4039.235656730924,54.0,0.08630086574955662,-1.094687482690919,0.08584600429574954,-1.0937266061911362,0.015436846713166804,0.29164568861714996
2827,31,572,286.22286085268047,4096.016113555928,227.90513404909052,4039.235656730924,54.0,0.08630086574955662,-0.32893796965224287,0.08584600429574954,-0.3265744623083705,0.015436846713166804,0.1017773542473668
2828,19,572,298.45947748194794,4119.807970449649,227.90513404909052,4039.235656730924,54.0,0.08630086574955662,-0.3049797667558716,0.08584600429574954,-0.29897917502738247,0.015436846713166804,0.11572342161449681
2829,21,572,129.6510563411616,4132.672991581291,227.90513404909052,4039.235656730924,54.0,0.08630086574955662,-0.5117695555121218,0.08584600429574954,-0.5123701901688293,0.015436846713166804,0.18327770957953904
2830,21,573,129.6510563411616,4132.672991581291,215.30007276246957,4047.741048059149,54.0,0.08630086574955662,-0.45492922375134465,0.08584600429574954,-0.4552764161932105,0.015436846713166804,0.16264863384172268
2831,25,573,275.18212912654,3848.067080065535,215.30007276246957,4047.741048059149,54.0,0.08630086574955662,-0.4641426449875073,0.08584600429574954,-0.4522866801903029,0.015436846713166804,0.21271080328145028
2832,31,573,286.22286085268047,4096.016113555928,215.30007276246957,4047.741048059149,54.0,0.08630086574955662,-0.2942378990071493,0.08584600429574954,-0.2909477375263076,0.015436846713166804,0.10856803672342485
2833,19,573,298.45947748194794,4119.807970449649,215.30007276246957,4047.741048059149,54.0,0.08630086574955662,-0.2466360362299588,0.08584600429574954,-0.23969210451496387,0.015436846713166804,0.11892725163372017
2834,44,573,470.9318574712719,4102.798680980681,215.30007276246957,4047.741048059149,54.0,0.08630086574955662,-1.157514628550904,0.08584600429574954,-1.1561790929909357,0.015436846713166804,0.30969476458364115
2835,22,573,277.6908502273422,4133.768071833261,215.30007276246957,4047.741048059149,54.0,0.08630086574955662,-0.2860285619544604,0.08584600429574954,-0.2814265584641117,0.015436846713166804,0.13153010309213536
2836,38,574,292.2609771757026,3909.816818957042,214.7494271220868,4031.061700351105,54.0,0.08630086574955662,-0.36767627863792773,0.08584600429574954,-0.363045054795742,0.015436846713166804,0.16773286985635208
2837,44,574,470.9318574712719,4102.798680980681,214.7494271220868,4031.061700351105,54.0,0.08630086574955662,-1.1258382342665831,0.08584600429574954,-1.1245497611887438,0.015436846713166804,0.3109646816638601
2838,22,574,282.91308227706304,4129.966613278081,214.7494271220868,4031.061700351105,54.0,0.08630086574955662,-0.30130555683519583,0.08584600429574954,-0.29582291766144825,0.015436846713166804,0.14295809818697477
2839,21,574,129.6510563411616,4132.672991581291,214.7494271220868,4031.061700351105,54.0,0.08630086574955662,-0.477829635499311,0.08584600429574954,-0.4782930061142444,0.015436846713166804,0.17804852666327942
2840,31,574,286.22286085268047,4096.016113555928,214.7494271220868,4031.061700351105,54.0,0.08630086574955662,-0.37122867142139115,0.08584600429574954,-0.3688721883451188,0.015436846713166804,0.12274238339057217
2841,25,574,275.18212912654,3848.067080065535,214.7494271220868,4031.061700351105,54.0,0.08630086574955662,-0.4247080006026874,0.08584600429574954,-0.41287001122964123,0.015436846713166804,0.19160728829424373
2842,19,574,298.45947748194794,4119.807970449649,214.7494271220868,4031.061700351105,54.0,0.08630086574955662,-0.33283582888320506,0.08584600429574954,-0.3266605949012593,0.015436846713166804,0.13596585667540614
2843,28,574,181.0656949265822,4007.0767963031503,214.7494271220868,4031.061700351105,54.0,0.08630086574955662,-0.19466744142468076,0.08584600429574954,-0.1953299490526136,0.015436846713166804,0.0566935920570833
2844,63,575,316.49031405012005,3929.154743051912,275.30803990511106,4023.5491126828542,54.0,0.08630086574955662,-0.40574305805175,0.08584600429574954,-0.40780564306857314,0.015436846713166804,0.13298582660472896
2845,53,575,275.4374088407163,3843.51011953928,275.30803990511106,4023.5491126828542,54.0,0.08630086574955662,-0.6339942320781815,0.08584600429574954,-0.6350291379379681,0.015436846713166804,0.22092372037684327
2846,25,575,275.18212912654,3848.067080065535,275.30803990511106,4023.5491126828542,54.0,0.08630086574955662,-0.6140426641767613,0.08584600429574954,-0.6148228859775591,0.015436846713166804,0.2134664996797469
2847,53,576,275.4374088407163,3843.51011953928,228.23403405678565,3926.946867381492,54.0,0.08630086574955662,-0.14802568708139013,0.08584600429574954,-0.1405338365800185,0.015436846713166804,0.07221052821159732
2848,25,576,267.48464027237577,3844.373471682145,228.23403405678565,3926.946867381492,54.0,0.08630086574955662,-0.1352690272950677,0.08584600429574954,-0.1279530497286741,0.015436846713166804,0.06646183091100757
2849,38,576,292.2609771757026,3909.816818957042,228.23403405678565,3926.946867381492,54.0,0.08630086574955662,-0.2148754541278983,0.08584600429574954,-0.21306285484526466,0.015436846713166804,0.07578900681949487
2850,2,577,-517.6817734392575,3585.1734601257845,-499.9773429811749,3678.532005153513,54.0,0.08630086574955662,-0.30282099147670705,0.08584600429574954,-0.2949208873132858,0.015436846713166804,0.14419083353669837
2851,2,578,-517.6817734392575,3585.1734601257845,-517.2496129298322,3660.238901566688,54.0,0.08630086574955662,-0.23654352700755535,0.08584600429574954,-0.23064039858967453,0.015436846713166804,0.11266683479567027
2852,1,578,-521.8490863607117,3587.7366019941664,-517.2496129298322,3660.238901566688,54.0,0.08630086574955662,-0.22978310550465292,0.08584600429574954,-0.2240762464007249,0.015436846713166804,0.10980373372317087
2853,20,579,-498.52555730042025,3779.773363273628,-580.6716768976491,3734.978595164169,54.0,0.08630086574955662,-0.37778373387749903,0.08584600429574954,-0.37348019857315506,0.015436846713166804,0.16218195565387875
2854,20,580,-493.1142633148681,3773.7889738968342,-546.4989859266002,3721.4900233429794,54.0,0.08630086574955662,-0.2834494591343605,0.08584600429574954,-0.2799801571329705,0.015436846713166804,0.11801805103129984
2855,20,581,-493.1142633148681,3773.7889738968342,-549.267120039264,3702.54178010288,54.0,0.08630086574955662,-0.3375511933911273,0.08584600429574954,-0.33143038536373925,0.015436846713166804,0.14447468087267692
2856,20,582,-493.1142633148681,3773.7889738968342,-517.9434171149317,3694.1396214923566,54.0,0.08630086574955662,-0.27687864435438114,0.08584600429574954,-0.2719925289358421,0.015436846713166804,0.12453942354813008
2857,31,583,286.22286085268047,4096.016113555928,275.46093069714203,4237.600593298557,54.0,0.08630086574955662,-0.35315902414742134,0.08584600429574954,-0.3427948845514356,0.015436846713166804,0.1660690476492321
2858,4,583,296.61979068975745,4128.179301772369,275.46093069714203,4237.600593298557,54.0,0.08630086574955662,-0.3155206856573769,0.08584600429574954,-0.3089745166374605,0.015436846713166804,0.1466304301882158
2859,23,583,473.2888408458269,4304.725925046426,275.46093069714203,4237.600593298557,54.0,0.08630086574955662,-1.0008532644065549,0.08584600429574954,-0.993734713793386,0.015436846713166804,0.3193595884069115
2860,44,583,470.9318574712719,4102.798680980681,275.46093069714203,4237.600593298557,54.0,0.08630086574955662,-0.667483449833291,0.08584600429574954,-0.6595628405909004,0.015436846713166804,0.28644183831475717
2861,44,584,470.9318574712719,4102.798680980681,260.54382607193054,4189.386828262381,54.0,0.08630086574955662,-0.7730043895193247,0.08584600429574954,-0.7669241652906175,0.015436846713166804,0.26276443589502685
2862,23,584,473.2888408458269,4304.725925046426,260.54382607193054,4189.386828262381,54.0,0.08630086574955662,-1.0585698181175607,0.08584600429574954,-1.0546817881314663,0.015436846713166804,0.34120743622091365
2863,31,584,286.22286085268047,4096.016113555928,260.54382607193054,4189.386828262381,54.0,0.08630086574955662,-0.25649946836144427,0.08584600429574954,-0.24892777263662574,0.015436846713166804,0.1114817510944049
2864,4,584,296.61979068975745,4128.179301772369,260.54382607193054,4189.386828262381,54.0,0.08630086574955662,-0.22135408616785468,0.08584600429574954,-0.21680390431101676,0.015436846713166804,0.09588286690386363
2865,4,585,296.61979068975745,4128.179301772369,365.73068580729074,4172.10123667665,54.0,0.08630086574955662,-0.1958398196621231,0.08584600429574954,-0.19128030378748087,0.015436846713166804,0.09501515362814326
2866,41,585,461.8106926932424,4070.996636995212,365.73068580729074,4172.10123667665,54.0,0.08630086574955662,-0.5458151597302934,0.08584600429574954,-0.5450547737950544,0.015436846713166804,0.15948786339390442
2867,31,585,286.22286085268047,4096.016113555928,365.73068580729074,4172.10123667665,54.0,0.08630086574955662,-0.24202903083639143,0.08584600429574954,-0.2354712361221462,0.015436846713166804,0.11370815335829457
2868,27,585,413.6607163277177,4126.933692479007,365.73068580729074,4172.10123667665,54.0,0.08630086574955662,-0.25879033213574687,0.08584600429574954,-0.2590772336060434,0.015436846713166804,0.08425473440648833
2869,23,585,473.2888408458269,4304.725925046426,365.73068580729074,4172.10123667665,54.0,0.08630086574955662,-0.6898931111417037,0.08584600429574954,-0.6861552520266747,0.015436846713166804,0.21510531489373433
2870,44,585,470.9318574712719,4102.798680980681,365.73068580729074,4172.10123667665,54.0,0.08630086574955662,-0.34497819899261983,0.08584600429574954,-0.34147265960062384,0.015436846713166804,0.13452830364602397
2871,31,586,286.22286085268047,4096.016113555928,303.0397540729384,4168.450548701593,54.0,0.08630086574955662,-0.17344354331094128,0.08584600429574954,-0.1660234136137918,0.015436846713166804,0.07547689271606192
2872,4,586,296.61979068975745,4128.179301772369,303.0397540729384,4168.450548701593,54.0,0.08630086574955662,-0.1420921728015931,0.08584600429574954,-0.13862561182137473,0.015436846713166804,0.055145492283641295
2873,44,586,470.9318574712719,4102.798680980681,303.0397540729384,4168.450548701593,54.0,0.08630086574955662,-0.6292302337813229,0.08584600429574954,-0.6246233854687662,0.015436846713166804,0.2015377937951699
2874,31,587,286.22286085268047,4096.016113555928,306.09515397216705,4130.874580079874,54.0,0.08630086574955662,-0.06841064903318081,0.08584600429574954,-0.06429129748277446,0.015436846713166804,0.0333840221582456
2875,4,587,296.61979068975745,4128.179301772369,306.09515397216705,4130.874580079874,54.0,0.08630086574955662,-0.044100848485951125,0.08584600429574954,-0.04234935573189395,0.015436846713166804,0.02403499005028236
2876,44,587,470.9318574712719,4102.798680980681,306.09515397216705,4130.874580079874,54.0,0.08630086574955662,-0.565727115922223,0.08584600429574954,-0.5612887435015113,0.015436846713166804,0.18135473718298453
2877,31,588,286.22286085268047,4096.016113555928,302.82165996923425,4119.504667691163,54.0,0.08630086574955662,-0.051823415311296056,0.08584600429574954,-0.04862097789949005,0.015436846713166804,0.023157639964517397
2878,44,588,470.9318574712719,4102.798680980681,302.82165996923425,4119.504667691163,54.0,0.08630086574955662,-0.5907580575677511,0.08584600429574954,-0.5876423568040334,0.015436846713166804,0.18556955630108388
2879,4,588,296.61979068975745,4128.179301772369,302.82165996923425,4119.504667691163,54.0,0.08630086574955662,-0.04105436112593523,0.08584600429574954,-0.039184780732968376,0.015436846713166804,0.02201775833293769
2880,4,589,296.61979068975745,4128.179301772369,291.1882646910309,4099.078724905353,54.0,0.08630086574955662,-0.03674498767403067,0.08584600429574954,-0.03227954878602004,0.015436846713166804,0.023706954192024565
2881,44,589,470.9318574712719,4102.798680980681,291.1882646910309,4099.078724905353,54.0,0.08630086574955662,-0.6689222088264628,0.08584600429574954,-0.6658028407096046,0.015436846713166804,0.199452728707155
2882,31,589,286.22286085268047,4096.016113555928,291.1882646910309,4099.078724905353,54.0,0.08630086574955662,-0.05138468114303397,0.08584600429574954,-0.05051642707197353,0.015436846713166804,0.011921721522522728
2883,44,590,470.9318574712719,4102.798680980681,272.934747988071,4111.997012157693,54.0,0.08630086574955662,-0.6173970532800465,0.08584600429574954,-0.6108087780832315,0.015436846713166804,0.20489266780256957
2884,31,590,286.22286085268047,4096.016113555928,272.934747988071,4111.997012157693,54.0,0.08630086574955662,-0.04429066227007755,0.08584600429574954,-0.04187440172039207,0.015436846713166804,0.01801044496817252
2885,4,590,296.61979068975745,4128.179301772369,272.934747988071,4111.997012157693,54.0,0.08630086574955662,-0.03825689516984973,0.08584600429574954,-0.03406208669701791,0.015436846713166804,0.02558005460871835
2886,4,591,296.61979068975745,4128.179301772369,255.4251274347216,4100.936453308112,54.0,0.08630086574955662,-0.0727799042032306,0.08584600429574954,-0.06769703946617947,0.015436846713166804,0.04565393244564108
2887,31,591,286.22286085268047,4096.016113555928,255.4251274347216,4100.936453308112,54.0,0.08630086574955662,-0.10002570349878781,0.08584600429574954,-0.0975840624328157,0.015436846713166804,0.036524045775625534
2888,4,592,296.61979068975745,4128.179301772369,220.87595282766387,4102.083892846976,54.0,0.08630086574955662,-0.19021068313924758,0.08584600429574954,-0.1843407412262665,0.015436846713166804,0.08843006569025419
2889,31,592,286.22286085268047,4096.016113555928,220.87595282766387,4102.083892846976,54.0,0.08630086574955662,-0.21206933125204988,0.08584600429574954,-0.2079548466191197,0.015436846713166804,0.08094890091343138
2890,64,593,251.14156651564912,4194.6094429104505,373.0536264372821,4237.867458294468,54.0,0.08630086574955662,-0.3931357507259783,0.08584600429574954,-0.38925655559415195,0.015436846713166804,0.18333408094428283
2891,19,593,313.8105789821288,4143.210879673134,373.0536264372821,4237.867458294468,54.0,0.08630086574955662,-0.3563777463431885,0.08584600429574954,-0.35454748235376526,0.015436846713166804,0.14320382383221889
2892,23,593,473.2888408458269,4304.725925046426,373.0536264372821,4237.867458294468,54.0,0.08630086574955662,-0.6654366285253615,0.08584600429574954,-0.6645411955267266,0.015436846713166804,0.16520584392422527
2893,16,593,510.22088537403255,4246.5421852479,373.0536264372821,4237.867458294468,54.0,0.08630086574955662,-0.43058459997454823,0.08584600429574954,-0.42876279803356354,0.015436846713166804,0.16716895311665583
2894,22,593,301.6304881357929,4156.037775497009,373.0536264372821,4237.867458294468,54.0,0.08630086574955662,-0.38755380739600653,0.08584600429574954,-0.38657557489891103,0.015436846713166804,0.14562281523047865
2895,44,593,472.0029937650396,4104.126300266757,373.0536264372821,4237.867458294468,54.0,0.08630086574955662,-0.4081268308880831,0.08584600429574954,-0.3979470693415876,0.015436846713166804,0.17682386409475928
2896,31,593,286.22286085268047,4096.016113555928,373.0536264372821,4237.867458294468,54.0,0.08630086574955662,-0.4516191001446536,0.08584600429574954,-0.444947590198822,0.015436846713166804,0.1926317674624716
2897,22,594,301.6304881357929,4156.037775497009,362.3064081282481,4221.704404093187,54.0,0.08630086574955662,-0.3244753351064259,0.08584600429574954,-0.3236895936708133,0.015436846713166804,0.11676917249437313
2898,16,594,510.22088537403255,4246.5421852479,362.3064081282481,4221.704404093187,54.0,0.08630086574955662,-0.45831228503741805,0.08584600429574954,-0.4564842063890233,0.015436846713166804,0.18187680576248458
2899,19,594,313.8105789821288,4143.210879673134,362.3064081282481,4221.704404093187,54.0,0.08630086574955662,-0.2945666132068717,0.08584600429574954,-0.29283016457470545,0.015436846713166804,0.115143073539952
2900,64,594,251.14156651564912,4194.6094429104505,362.3064081282481,4221.704404093187,54.0,0.08630086574955662,-0.3456038353521421,0.08584600429574954,-0.3441326956051489,0.015436846713166804,0.1560858085040945
2901,16,595,510.22088537403255,4246.5421852479,372.2868734763583,4221.386114156595,54.0,0.08630086574955662,-0.41922171527704,0.08584600429574954,-0.4165375037761587,0.015436846713166804,0.16818243857102602
2902,19,595,319.13473954701425,4139.652372121544,372.2868734763583,4221.386114156595,54.0,0.08630086574955662,-0.26059937014050766,0.08584600429574954,-0.2578248970596164,0.015436846713166804,0.11761530717449642
2903,41,595,461.8106926932424,4070.996636995212,372.2868734763583,4221.386114156595,54.0,0.08630086574955662,-0.5563419433285255,0.08584600429574954,-0.5514108550908952,0.015436846713166804,0.20254380223302157
2904,31,595,286.22286085268047,4096.016113555928,372.2868734763583,4221.386114156595,54.0,0.08630086574955662,-0.37412431385592726,0.08584600429574954,-0.36701169423172986,0.015436846713166804,0.16934955485135406
2905,21,595,129.6510563411616,4132.672991581291,372.2868734763583,4221.386114156595,54.0,0.08630086574955662,-0.7169704878131091,0.08584600429574954,-0.7037188461117921,0.015436846713166804,0.3368457581580617
2906,64,595,251.14156651564912,4194.6094429104505,372.2868734763583,4221.386114156595,54.0,0.08630086574955662,-0.37455624578833857,0.08584600429574954,-0.37366050425535435,0.015436846713166804,0.167996747935374
2907,44,595,472.0029937650396,4104.126300266757,372.2868734763583,4221.386114156595,54.0,0.08630086574955662,-0.37475987927831955,0.08584600429574954,-0.36652842083546916,0.015436846713166804,0.1633009244823682
2908,23,595,473.2888408458269,4304.725925046426,372.2868734763583,4221.386114156595,54.0,0.08630086574955662,-0.6661487261972647,0.08584600429574954,-0.6649254788620322,0.015436846713166804,0.1739706086380663
2909,64,596,251.14156651564912,4194.6094429104505,348.8282222887337,4204.538514488947,54.0,0.08630086574955662,-0.31787820200071715,0.08584600429574954,-0.3158796122174554,0.015436846713166804,0.13396743062252447
2910,44,596,470.9318574712719,4102.798680980681,348.8282222887337,4204.538514488947,54.0,0.08630086574955662,-0.4134982371708673,0.08584600429574954,-0.40840012794411484,0.015436846713166804,0.17492167545267945
2911,16,596,510.22088537403255,4246.5421852479,348.8282222887337,4204.538514488947,54.0,0.08630086574955662,-0.4683642974766671,0.08584600429574954,-0.4650129398354625,0.015436846713166804,0.20149948461490752
2912,19,596,313.8105789821288,4143.210879673134,348.8282222887337,4204.538514488947,54.0,0.08630086574955662,-0.23649471886333795,0.08584600429574954,-0.23419353093061962,0.015436846713166804,0.08794155863838747
2913,23,596,473.2888408458269,4304.725925046426,348.8282222887337,4204.538514488947,54.0,0.08630086574955662,-0.7556724155636867,0.08584600429574954,-0.7553948226639869,0.015436846713166804,0.211854022636565
2914,22,596,301.6304881357929,4156.037775497009,348.8282222887337,4204.538514488947,54.0,0.08630086574955662,-0.261682805223337,0.08584600429574954,-0.26032610216642144,0.015436846713166804,0.08840646537952773
2915,21,596,129.6510563411616,4132.672991581291,348.8282222887337,4204.538514488947,54.0,0.08630086574955662,-0.6559038434839891,0.08584600429574954,-0.6420691157307332,0.015436846713166804,0.3008990925549791
2916,31,596,286.22286085268047,4096.016113555928,348.8282222887337,4204.538514488947,54.0,0.08630086574955662,-0.33585920434301614,0.08584600429574954,-0.3286817981897028,0.015436846713166804,0.1373895405409352
2917,44,597,470.9318574712719,4102.798680980681,329.5351738167448,4169.038905630156,54.0,0.08630086574955662,-0.4809320047258179,0.08584600429574954,-0.47656351941129144,0.015436846713166804,0.16980841040855338
2918,19,597,313.8105789821288,4143.210879673134,329.5351738167448,4169.038905630156,54.0,0.08630086574955662,-0.09853000193153914,0.08584600429574954,-0.09723213595028095,0.015436846713166804,0.036467305875490186
2919,16,597,510.22088537403255,4246.5421852479,329.5351738167448,4169.038905630156,54.0,0.08630086574955662,-0.5000126299089822,0.08584600429574954,-0.49042625867593015,0.015436846713166804,0.2330526263928313
2920,21,597,129.6510563411616,4132.672991581291,329.5351738167448,4169.038905630156,54.0,0.08630086574955662,-0.599506536295021,0.08584600429574954,-0.588388596348138,0.015436846713166804,0.2624116964198103
2921,41,597,461.8106926932424,4070.996636995212,329.5351738167448,4169.038905630156,54.0,0.08630086574955662,-0.6949325147208528,0.08584600429574954,-0.6948166419844211,0.015436846713166804,0.18942839841709896
2922,23,597,473.2888408458269,4304.725925046426,329.5351738167448,4169.038905630156,54.0,0.08630086574955662,-0.8213160998044073,0.08584600429574954,-0.8175689174979686,0.015436846713166804,0.2524638426676435
2923,22,597,301.6304881357929,4156.037775497009,329.5351738167448,4169.038905630156,54.0,0.08630086574955662,-0.12612167191969537,0.08584600429574954,-0.12523054494250635,0.015436846713166804,0.03897849177713799
2924,64,597,251.14156651564912,4194.6094429104505,329.5351738167448,4169.038905630156,54.0,0.08630086574955662,-0.29121529824310255,0.08584600429574954,-0.2891859307082671,0.015436846713166804,0.11013302017655
2925,27,597,413.6607163277177,4126.933692479007,329.5351738167448,4169.038905630156,54.0,0.08630086574955662,-0.35951700795821945,0.08584600429574954,-0.35875638442159624,0.015436846713166804,0.11591851379067064
2926,31,597,286.22286085268047,4096.016113555928,329.5351738167448,4169.038905630156,54.0,0.08630086574955662,-0.19727812375859732,0.08584600429574954,-0.19111369443018902,0.015436846713166804,0.08616651011454729
2927,64,598,251.14156651564912,4194.6094429104505,346.62414930987774,4170.158415182179,54.0,0.08630086574955662,-0.323068479861165,0.08584600429574954,-0.3203223921543019,0.015436846713166804,0.13089202183138418
2928,22,598,301.6304881357929,4156.037775497009,346.62414930987774,4170.158415182179,54.0,0.08630086574955662,-0.16598723896740084,0.08584600429574954,-0.16410881163087687,0.015436846713166804,0.057815077067342506
2929,31,598,286.22286085268047,4096.016113555928,346.62414930987774,4170.158415182179,54.0,0.08630086574955662,-0.20449158879578724,0.08584600429574954,-0.19773767750652876,0.015436846713166804,0.09808192193269938
2930,19,598,324.4656830993255,4136.208404100951,346.62414930987774,4170.158415182179,54.0,0.08630086574955662,-0.09106496369490377,0.08584600429574954,-0.08856514697609766,0.015436846713166804,0.044284986150341515
2931,27,598,413.6607163277177,4126.933692479007,346.62414930987774,4170.158415182179,54.0,0.08630086574955662,-0.30894229586082905,0.08584600429574954,-0.30891750444889193,0.015436846713166804,0.09912960043473637
2932,44,598,470.9318574712719,4102.798680980681,346.62414930987774,4170.158415182179,54.0,0.08630086574955662,-0.4168601642126367,0.08584600429574954,-0.4132054755416416,0.015436846713166804,0.15246037888013317
2933,21,598,129.6510563411616,4132.672991581291,346.62414930987774,4170.158415182179,54.0,0.08630086574955662,-0.6411903316945649,0.08584600429574954,-0.6289338494279163,0.015436846713166804,0.2822232349949706
2934,16,599,510.22088537403255,4246.5421852479,364.6091053140706,4170.399258321844,54.0,0.08630086574955662,-0.44104235831292293,0.08584600429574954,-0.4321610568855275,0.015436846713166804,0.19351600773230976
2935,31,599,286.22286085268047,4096.016113555928,364.6091053140706,4170.399258321844,54.0,0.08630086574955662,-0.23657364830465447,0.08584600429574954,-0.23007568777727921,0.015436846713166804,0.11135898151242456
2936,44,599,470.9318574712719,4102.798680980681,364.6091053140706,4170.399258321844,54.0,0.08630086574955662,-0.3503513728643118,0.08584600429574954,-0.3469011689137118,0.015436846713166804,0.13457415904579909
2937,64,599,251.14156651564912,4194.6094429104505,364.6091053140706,4170.399258321844,54.0,0.08630086574955662,-0.3843613966406021,0.08584600429574954,-0.3816770220780121,0.015436846713166804,0.1527408675668473
2938,27,599,413.6607163277177,4126.933692479007,364.6091053140706,4170.399258321844,54.0,0.08630086574955662,-0.259449434524728,0.08584600429574954,-0.2597511016999841,0.015436846713166804,0.08365464823717993
2939,19,599,324.8153272931308,4135.979057138678,364.6091053140706,4170.399258321844,54.0,0.08630086574955662,-0.1204529838646771,0.08584600429574954,-0.11791446234502709,0.015436846713166804,0.057348583184527485
2940,41,600,461.8106926932424,4070.996636995212,334.60250706622514,4156.27046823521,54.0,0.08630086574955662,-0.6668512017470802,0.08584600429574954,-0.6676414142673746,0.015436846713166804,0.17496239755422005
2941,44,600,470.9318574712719,4102.798680980681,334.60250706622514,4156.27046823521,54.0,0.08630086574955662,-0.4984656634410445,0.08584600429574954,-0.4949941280961505,0.015436846713166804,0.15929010167470575
2942,21,600,129.6510563411616,4132.672991581291,334.60250706622514,4156.27046823521,54.0,0.08630086574955662,-0.56285672381459,0.08584600429574954,-0.5502780520472917,0.015436846713166804,0.2623555700605631
2943,64,600,251.14156651564912,4194.6094429104505,334.60250706622514,4156.27046823521,54.0,0.08630086574955662,-0.32885463279190863,0.08584600429574954,-0.3263742038178555,0.015436846713166804,0.11994015030677818
2944,23,600,473.2888408458269,4304.725925046426,334.60250706622514,4156.27046823521,54.0,0.08630086574955662,-0.7785931507793686,0.08584600429574954,-0.7720723333344405,0.015436846713166804,0.2519536588204024
2945,19,600,322.3682131168698,4137.58480892938,334.60250706622514,4156.27046823521,54.0,0.08630086574955662,-0.04675331027980329,0.08584600429574954,-0.04534960218208999,0.015436846713166804,0.02395376590172149
2946,31,600,286.22286085268047,4096.016113555928,334.60250706622514,4156.27046823521,54.0,0.08630086574955662,-0.15739714609542213,0.08584600429574954,-0.15167890870470124,0.015436846713166804,0.07689766901892019
2947,22,601,301.6304881357929,4156.037775497009,355.5439209369716,4156.456968582675,54.0,0.08630086574955662,-0.18213019460856844,0.08584600429574954,-0.18002908777556215,0.015436846713166804,0.06552143459485153
2948,27,601,413.6607163277177,4126.933692479007,355.5439209369716,4156.456968582675,54.0,0.08630086574955662,-0.28397499641940194,0.08584600429574954,-0.2846436702749398,0.015436846713166804,0.08252504139280338
2949,64,601,251.14156651564912,4194.6094429104505,355.5439209369716,4156.456968582675,54.0,0.08630086574955662,-0.370690566587573,0.08584600429574954,-0.367180859163092,0.015436846713166804,0.142110753500394
2950,31,601,286.22286085268047,4096.016113555928,355.5439209369716,4156.456968582675,54.0,0.08630086574955662,-0.19206712891142672,0.08584600429574954,-0.1860792335760169,0.015436846713166804,0.09219454244080366
2951,23,601,473.2888408458269,4304.725925046426,355.5439209369716,4156.456968582675,54.0,0.08630086574955662,-0.7407203967070864,0.08584600429574954,-0.7368621953954807,0.015436846713166804,0.23696527371697623
2952,44,601,470.9318574712719,4102.798680980681,355.5439209369716,4156.456968582675,54.0,0.08630086574955662,-0.4072711166818253,0.08584600429574954,-0.4043528458037481,0.015436846713166804,0.13630917199304896
2953,21,601,129.6510563411616,4132.672991581291,355.5439209369716,4156.456968582675,54.0,0.08630086574955662,-0.6007389636549729,0.08584600429574954,-0.5858657389369935,0.015436846713166804,0.28463317745416455
2954,19,601,324.8153272931308,4135.979057138678,355.5439209369716,4156.456968582675,54.0,0.08630086574955662,-0.07505332564802195,0.08584600429574954,-0.07291014452983687,0.015436846713166804,0.03845061735453663
2955,21,602,129.6510563411616,4132.672991581291,299.7110510601282,4116.425155454023,54.0,0.08630086574955662,-0.3904602695029788,0.08584600429574954,-0.37795501192220265,0.015436846713166804,0.19147831922026448
2956,31,602,286.22286085268047,4096.016113555928,299.7110510601282,4116.425155454023,54.0,0.08630086574955662,-0.041317308433520585,0.08584600429574954,-0.03818928311128087,0.015436846713166804,0.018286078808430733
2957,22,602,282.91308227706304,4129.966613278081,299.7110510601282,4116.425155454023,54.0,0.08630086574955662,-0.027397694366788176,0.08584600429574954,-0.02463839046634697,0.015436846713166804,0.01751333828602487
2958,44,602,470.9318574712719,4102.798680980681,299.7110510601282,4116.425155454023,54.0,0.08630086574955662,-0.5961275485094387,0.08584600429574954,-0.5928657958744041,0.015436846713166804,0.18844294715472368
2959,64,602,251.14156651564912,4194.6094429104505,299.7110510601282,4116.425155454023,54.0,0.08630086574955662,-0.26239205239326946,0.08584600429574954,-0.2558234672050501,0.015436846713166804,0.11558837746472121
2960,19,602,300.9079081658487,4118.195306486656,299.7110510601282,4116.425155454023,54.0,0.08630086574955662,-0.00393665289158389,0.08584600429574954,-0.00380451394147762,0.015436846713166804,0.0020403765716611364
2961,22,603,291.73392650949626,4142.178443865089,320.9729984334359,4121.618338208264,54.0,0.08630086574955662,-0.07538260672430322,0.08584600429574954,-0.0726962212450061,0.015436846713166804,0.040353135041870526
2962,19,603,317.1134398856572,4124.154802727244,320.9729984334359,4121.618338208264,54.0,0.08630086574955662,-0.010090321725170324,0.08584600429574954,-0.009904428003833931,0.015436846713166804,0.004937947009484747
2963,31,603,286.22286085268047,4096.016113555928,320.9729984334359,4121.618338208264,54.0,0.08630086574955662,-0.10047656737915667,0.08584600429574954,-0.0974540407968108,0.015436846713166804,0.04266072904342331
2964,21,603,129.6510563411616,4132.672991581291,320.9729984334359,4121.618338208264,54.0,0.08630086574955662,-0.40062747747523764,0.08584600429574954,-0.38641948152099936,0.015436846713166804,0.21889835218474754
2965,64,603,251.14156651564912,4194.6094429104505,320.9729984334359,4121.618338208264,54.0,0.08630086574955662,-0.29725323428763517,0.08584600429574954,-0.29306915616357465,0.015436846713166804,0.12926614595895336
2966,44,603,470.9318574712719,4102.798680980681,320.9729984334359,4121.618338208264,54.0,0.08630086574955662,-0.5525057318204651,0.08584600429574954,-0.5501173128215259,0.015436846713166804,0.1665491492101761
2967,21,604,129.6510563411616,4132.672991581291,268.5028234668558,4104.077574133915,54.0,0.08630086574955662,-0.43769714527285775,0.08584600429574954,-0.43214876224727794,0.015436846713166804,0.17796366409310208
2968,64,604,251.14156651564912,4194.6094429104505,268.5028234668558,4104.077574133915,54.0,0.08630086574955662,-0.27625901628856214,0.08584600429574954,-0.27197083201608274,0.015436846713166804,0.12111216201434927
2969,31,604,286.22286085268047,4096.016113555928,268.5028234668558,4104.077574133915,54.0,0.08630086574955662,-0.06826761541245902,0.08584600429574954,-0.06652385623251973,0.015436846713166804,0.021885478515282157
2970,22,604,282.91308227706304,4129.966613278081,268.5028234668558,4104.077574133915,54.0,0.08630086574955662,-0.04323198347430636,0.08584600429574954,-0.04033945238076824,0.015436846713166804,0.02663859403134103
2971,19,604,298.45947748194794,4119.807970449649,268.5028234668558,4104.077574133915,54.0,0.08630086574955662,-0.03291512401959421,0.08584600429574954,-0.029033913186241236,0.015436846713166804,0.02325483221709445
2972,44,604,470.9318574712719,4102.798680980681,268.5028234668558,4104.077574133915,54.0,0.08630086574955662,-0.6243617708952259,0.08584600429574954,-0.6175115966560052,0.015436846713166804,0.2091876359478295
2973,21,605,129.6510563411616,4132.672991581291,308.95176142546023,4100.390848526726,54.0,0.08630086574955662,-0.4792710818585505,0.08584600429574954,-0.4692142261788903,0.015436846713166804,0.20825421881905665
2974,44,605,470.9318574712719,4102.798680980681,308.95176142546023,4100.390848526726,54.0,0.08630086574955662,-0.5745329268847466,0.08584600429574954,-0.5716789217023261,0.015436846713166804,0.17812546602833934
2975,31,605,286.22286085268047,4096.016113555928,308.95176142546023,4100.390848526726,54.0,0.08630086574955662,-0.10360644984461184,0.08584600429574954,-0.10223875899458458,0.015436846713166804,0.027889477599458177
2976,22,605,282.91308227706304,4129.966613278081,308.95176142546023,4100.390848526726,54.0,0.08630086574955662,-0.058495258167594086,0.08584600429574954,-0.054629152348863966,0.015436846713166804,0.033784531668225495
2977,31,606,286.22286085268047,4096.016113555928,321.7264183919306,4102.665007325553,54.0,0.08630086574955662,-0.12964265545441556,0.08584600429574954,-0.12781007897231186,0.015436846713166804,0.04116688038130273
2978,44,606,470.9318574712719,4102.798680980681,321.7264183919306,4102.665007325553,54.0,0.08630086574955662,-0.5465596427903971,0.08584600429574954,-0.5442201377926582,0.015436846713166804,0.16444739235719114
2979,19,606,309.4846467710166,4112.556925703692,321.7264183919306,4102.665007325553,54.0,0.08630086574955662,-0.03438617229358561,0.08584600429574954,-0.03375267678132422,0.015436846713166804,0.01682771880515754
2980,21,606,129.6510563411616,4132.672991581291,321.7264183919306,4102.665007325553,54.0,0.08630086574955662,-0.4957120044007479,0.08584600429574954,-0.48458721117315434,0.015436846713166804,0.2205103331443063
2981,22,606,282.91308227706304,4129.966613278081,321.7264183919306,4102.665007325553,54.0,0.08630086574955662,-0.08589427733151775,0.08584600429574954,-0.08215823562639797,0.015436846713166804,0.045928971291833695
2982,21,607,129.6510563411616,4132.672991581291,219.27949383018264,4092.615330391432,54.0,0.08630086574955662,-0.34108921205910514,0.08584600429574954,-0.3396805304486229,0.015436846713166804,0.12945082450878626
2983,22,607,267.77623279276514,4140.811810679348,219.27949383018264,4092.615330391432,54.0,0.08630086574955662,-0.22038308152957117,0.08584600429574954,-0.21740892456140434,0.015436846713166804,0.08914116912454259
2984,64,607,251.14156651564912,4194.6094429104505,219.27949383018264,4092.615330391432,54.0,0.08630086574955662,-0.3407615372728448,0.08584600429574954,-0.3377192172865431,0.015436846713166804,0.14883037464078025
2985,19,607,298.45947748194794,4119.807970449649,219.27949383018264,4092.615330391432,54.0,0.08630086574955662,-0.17426912404393288,0.08584600429574954,-0.16804334388470002,0.015436846713166804,0.08519648201375603
2986,19,608,298.45947748194794,4119.807970449649,241.15223999434448,4082.933807469713,54.0,0.08630086574955662,-0.11261594791251892,0.08584600429574954,-0.10628183594468335,0.015436846713166804,0.06378662635387267
2987,31,608,286.22286085268047,4096.016113555928,241.15223999434448,4082.933807469713,54.0,0.08630086574955662,-0.1438331810853845,0.08584600429574954,-0.14030251527627202,0.015436846713166804,0.05682547849532005
2988,21,608,129.6510563411616,4132.672991581291,241.15223999434448,4082.933807469713,54.0,0.08630086574955662,-0.4213208449188958,0.08584600429574954,-0.4188462987573559,0.015436846713166804,0.1621017010107551
2989,44,608,470.9318574712719,4102.798680980681,241.15223999434448,4082.933807469713,54.0,0.08630086574955662,-0.8336710966249024,0.08584600429574954,-0.8272779775696835,0.015436846713166804,0.2571865672500219
2990,22,608,277.77652302980147,4133.654750127797,241.15223999434448,4082.933807469713,54.0,0.08630086574955662,-0.13787312183163775,0.08584600429574954,-0.1337271521056963,0.015436846713166804,0.07198274705664384
2991,22,609,282.91308227706304,4129.966613278081,255.9426322707364,4092.0033524375262,54.0,0.08630086574955662,-0.07921175791432113,0.08584600429574954,-0.07533920215338097,0.015436846713166804,0.0465227657934998
2992,64,609,251.14156651564912,4194.6094429104505,255.9426322707364,4092.0033524375262,54.0,0.08630086574955662,-0.2951510435173963,0.08584600429574954,-0.2900934655645472,0.015436846713166804,0.13230955428984684
2993,19,609,298.45947748194794,4119.807970449649,255.9426322707364,4092.0033524375262,54.0,0.08630086574955662,-0.06630651850811309,0.08584600429574954,-0.06109015310867169,0.015436846713166804,0.04181345489414134
2994,21,609,129.6510563411616,4132.672991581291,255.9426322707364,4092.0033524375262,54.0,0.08630086574955662,-0.4405126863968935,0.08584600429574954,-0.4363887339641611,0.015436846713166804,0.17290396144744108
2995,44,609,470.9318574712719,4102.798680980681,255.9426322707364,4092.0033524375262,54.0,0.08630086574955662,-0.7755378165753769,0.08584600429574954,-0.7685981683244895,0.015436846713166804,0.23766619641569625
2996,31,609,286.22286085268047,4096.016113555928,255.9426322707364,4092.0033524375262,54.0,0.08630086574955662,-0.10102749405616678,0.08584600429574954,-0.0985481238128913,0.015436846713166804,0.036623848268038134
2997,41,610,461.8106926932424,4070.996636995212,302.40939418690647,4076.239930161057,54.0,0.08630086574955662,-0.46962179522002157,0.08584600429574954,-0.46608127683474204,0.015436846713166804,0.1794177706379381
2998,22,610,282.91308227706304,4129.966613278081,302.40939418690647,4076.239930161057,54.0,0.08630086574955662,-0.1456169929754763,0.08584600429574954,-0.13995136785104062,0.015436846713166804,0.050999371983011486
2999,19,610,309.4846467710166,4112.556925703692,302.40939418690647,4076.239930161057,54.0,0.08630086574955662,-0.10482013579303241,0.08584600429574954,-0.10426638061626253,0.015436846713166804,0.039954549651939036
3000,44,610,470.9318574712719,4102.798680980681,302.40939418690647,4076.239930161057,54.0,0.08630086574955662,-0.6532915423045483,0.08584600429574954,-0.6526022819453966,0.015436846713166804,0.18783937728539357
3001,31,610,286.22286085268047,4096.016113555928,302.40939418690647,4076.239930161057,54.0,0.08630086574955662,-0.12775642390835848,0.08584600429574954,-0.12580614225306175,0.015436846713166804,0.03103712403207525
3002,14,611,-191.8510249122208,3920.732064928668,-373.43476264910015,3766.461917060813,54.0,0.08630086574955662,-0.862357466313827,0.08584600429574954,-0.8528146944870607,0.015436846713166804,0.3326101402383707
3003,3,611,-366.6419945922364,3850.319998086217,-373.43476264910015,3766.461917060813,54.0,0.08630086574955662,-0.33989171073779567,0.08584600429574954,-0.338007665237364,0.015436846713166804,0.12757399837120456
3004,14,612,-191.8510249122208,3920.732064928668,-404.9594998600836,3757.059047829879,54.0,0.08630086574955662,-0.9834853406792136,0.08584600429574954,-0.9741523203040572,0.015436846713166804,0.3810176643313983
3005,3,612,-366.6419945922364,3850.319998086217,-404.9594998600836,3757.059047829879,54.0,0.08630086574955662,-0.3607740998741431,0.08584600429574954,-0.3594797135740461,0.015436846713166804,0.1522047037781559
3006,14,613,-191.8510249122208,3920.732064928668,-388.4341386667703,3754.2694742453887,54.0,0.08630086574955662,-0.9264747145263452,0.08584600429574954,-0.9154366280216142,0.015436846713166804,0.36320110850596216
3007,3,613,-366.6419945922364,3850.319998086217,-388.4341386667703,3754.2694742453887,54.0,0.08630086574955662,-0.3660462777010356,0.08584600429574954,-0.36376042723696905,0.015436846713166804,0.15051805929976736
3008,3,614,-366.6419945922364,3850.319998086217,-361.1239523797188,3752.790302079386,54.0,0.08630086574955662,-0.38426006058548756,0.08584600429574954,-0.38166595625610955,0.015436846713166804,0.14779107645193168
3009,14,614,-191.8510249122208,3920.732064928668,-361.1239523797188,3752.790302079386,54.0,0.08630086574955662,-0.8806567236679286,0.08584600429574954,-0.872679255803673,0.015436846713166804,0.33781142892159344
3010,14,615,-191.8510249122208,3920.732064928668,-374.17678074725006,3737.152975783385,54.0,0.08630086574955662,-0.9609281664779822,0.08584600429574954,-0.9523293426360879,0.015436846713166804,0.37177628383259337
3011,0,615,-370.9184736815143,3578.821080117009,-374.17678074725006,3737.152975783385,54.0,0.08630086574955662,-0.6351513008796783,0.08584600429574954,-0.6267468669522352,0.015436846713166804,0.26612561032008913
3012,3,615,-366.6419945922364,3850.319998086217,-374.17678074725006,3737.152975783385,54.0,0.08630086574955662,-0.4421983009814966,0.08584600429574954,-0.43879044656429034,0.015436846713166804,0.17300680978212282
3013,0,616,-370.9184736815143,3578.821080117009,-350.91326110736713,3715.884060741088,54.0,0.08630086574955662,-0.5563947297197794,0.08584600429574954,-0.549262114786672,0.015436846713166804,0.2320199933041948
3014,3,616,-366.6419945922364,3850.319998086217,-350.91326110736713,3715.884060741088,54.0,0.08630086574955662,-0.528451919943497,0.08584600429574954,-0.5236721577790411,0.015436846713166804,0.21025798026750217
3015,14,616,-191.8510249122208,3920.732064928668,-350.91326110736713,3715.884060741088,54.0,0.08630086574955662,-1.030767861983528,0.08584600429574954,-1.023395225169261,0.015436846713166804,0.38016825380496555
3016,0,617,-370.9184736815143,3578.821080117009,-354.7620074744374,3695.953997662773,54.0,0.08630086574955662,-0.4720448548321454,0.08584600429574954,-0.46626191637920067,0.015436846713166804,0.19564090241937696
3017,0,618,-370.9184736815143,3578.821080117009,-351.1479509122784,3665.503242462116,54.0,0.08630086574955662,-0.3501914103741347,0.08584600429574954,-0.3453126275267851,0.015436846713166804,0.14508735506648648
3018,20,619,-491.6557639897821,3775.103401039669,-389.7627570705973,3743.2169933727887,54.0,0.08630086574955662,-0.3379226978153083,0.08584600429574954,-0.3336962589531144,0.015436846713166804,0.15391170877839036
3019,20,620,-491.6557639897821,3775.103401039669,-366.9323951215805,3742.866649151627,54.0,0.08630086574955662,-0.4188242728089019,0.08584600429574954,-0.41291132555384513,0.015436846713166804,0.18841763113039214
3020,20,621,-491.6557639897821,3775.103401039669,-402.1052308230248,3707.5373006073055,54.0,0.08630086574955662,-0.33481017653991263,0.08584600429574954,-0.3266361226174931,0.015436846713166804,0.15932044332825646
3021,20,622,-491.6557639897821,3775.103401039669,-380.9661528592131,3689.457435245816,54.0,0.08630086574955662,-0.44397189486356137,0.08584600429574954,-0.43472832109927134,0.015436846713166804,0.20729101489103371
3022,20,623,-491.6557639897821,3775.103401039669,-413.19707339021727,3725.878044612585,54.0,0.08630086574955662,-0.27177921382647163,0.08584600429574954,-0.26561999385787266,0.015436846713166804,0.1289511425077655
3023,46,624,-260.0556528336838,3915.584287356416,-162.52306238605374,3916.201907568545,54.0,0.08630086574955662,-0.2813202305897842,0.08584600429574954,-0.278432188376029,0.015436846713166804,0.10980067288610917
3024,14,625,-191.2861040228232,3920.912450661129,-133.3415231743852,3915.05509414729,54.0,0.08630086574955662,-0.14022606064966148,0.08584600429574954,-0.1371656730862035,0.015436846713166804,0.06430913037304088
3025,14,626,-191.2861040228232,3920.912450661129,-107.03856041422884,3912.688158453438,54.0,0.08630086574955662,-0.2285897736064631,0.08584600429574954,-0.22458037750940346,0.015436846713166804,0.09888049649376478
3026,46,627,-260.0556528336838,3915.584287356416,-185.24762128328757,3894.1527541873807,54.0,0.08630086574955662,-0.27353620314312144,0.08584600429574954,-0.2724637278601733,0.015436846713166804,0.09574600853383487
3027,15,627,-219.46475068668764,3910.916163982088,-185.24762128328757,3894.1527541873807,54.0,0.08630086574955662,-0.12145534982874305,0.08584600429574954,-0.12120547292274052,0.015436846713166804,0.0473473888316736
3028,14,627,-191.8510249122208,3920.732064928668,-185.24762128328757,3894.1527541873807,54.0,0.08630086574955662,-0.0451046148479327,0.08584600429574954,-0.04355534343741349,0.015436846713166804,0.025390626091732156
3029,46,628,-260.0556528336838,3915.584287356416,-163.77609401928575,3898.3612294938825,54.0,0.08630086574955662,-0.27160006850662366,0.08584600429574954,-0.2679327899159003,0.015436846713166804,0.10761939483055775
3030,14,628,-191.2861040228232,3920.912450661129,-163.77609401928575,3898.3612294938825,54.0,0.08630086574955662,-0.06266599584198204,0.08584600429574954,-0.06009514357495087,0.015436846713166804,0.03388545021787734
3031,14,629,-191.2861040228232,3920.912450661129,-138.31483592452412,3903.081532209318,54.0,0.08630086574955662,-0.1299725777789208,0.08584600429574954,-0.12685668466003716,0.015436846713166804,0.06068608577619361
3032,15,629,-219.46475068668764,3910.916163982088,-138.31483592452412,3903.081532209318,54.0,0.08630086574955662,-0.20816390777212807,0.08584600429574954,-0.204862879469058,0.015436846713166804,0.09023470980635506
3033,14,630,-191.8510249122208,3920.732064928668,-176.60911080190527,3873.689646947577,54.0,0.08630086574955662,-0.09823924804437094,0.08584600429574954,-0.0960008766516438,0.015436846713166804,0.0509066614848251
3034,46,630,-260.0556528336838,3915.584287356416,-176.60911080190527,3873.689646947577,54.0,0.08630086574955662,-0.3609071495358549,0.08584600429574954,-0.3583311195255172,0.015436846713166804,0.1169974732170887
3035,15,630,-219.46475068668764,3910.916163982088,-176.60911080190527,3873.689646947577,54.0,0.08630086574955662,-0.18966398742993285,0.08584600429574954,-0.18870035058329596,0.015436846713166804,0.07022394066169103
3036,14,631,-191.2861040228232,3920.912450661129,-149.1571348158001,3881.691152823052,54.0,0.08630086574955662,-0.08807458127628821,0.08584600429574954,-0.08197136135565243,0.015436846713166804,0.05236396379723586
3037,15,631,-219.46475068668764,3910.916163982088,-149.1571348158001,3881.691152823052,54.0,0.08630086574955662,-0.17282497799585655,0.08584600429574954,-0.16776921049913265,0.015436846713166804,0.08048027866596895
3038,15,632,-219.46475068668764,3910.916163982088,-131.5000538528961,3885.757679077044,54.0,0.08630086574955662,-0.19197875694966898,0.08584600429574954,-0.18486064559437396,0.015436846713166804,0.09467278352961203
3039,14,632,-191.2861040228232,3920.912450661129,-131.5000538528961,3885.757679077044,54.0,0.08630086574955662,-0.13657710070490076,0.08584600429574954,-0.13074027897242746,0.015436846713166804,0.07218474197565
3040,14,633,-191.2861040228232,3920.912450661129,-124.00630206861427,3866.008859174929,54.0,0.08630086574955662,-0.14662175701057553,0.08584600429574954,-0.13759920599162367,0.015436846713166804,0.08515939513806631
3041,15,634,-219.46475068668764,3910.916163982088,-188.24213287120952,3844.223822198344,54.0,0.08630086574955662,-0.28508734010696735,0.08584600429574954,-0.2814847238135174,0.015436846713166804,0.09410869993975765
3042,14,634,-191.8510249122208,3920.732064928668,-188.24213287120952,3844.223822198344,54.0,0.08630086574955662,-0.15452510428805546,0.08584600429574954,-0.149376382860108,0.015436846713166804,0.08450147560783496
3043,46,634,-260.0556528336838,3915.584287356416,-188.24213287120952,3844.223822198344,54.0,0.08630086574955662,-0.3993462590996846,0.08584600429574954,-0.39489540974357334,0.015436846713166804,0.12969335762201026
3044,15,635,-219.46475068668764,3910.916163982088,-163.18022440468428,3835.315907696576,54.0,0.08630086574955662,-0.2748753935947346,0.08584600429574954,-0.2687123504161396,0.015436846713166804,0.11270022271320755
3045,14,635,-191.8510249122208,3920.732064928668,-163.18022440468428,3835.315907696576,54.0,0.08630086574955662,-0.15730970113195525,0.08584600429574954,-0.14888932417701706,0.015436846713166804,0.09093492343369258
3046,14,636,-191.2861040228232,3920.912450661129,-143.89632797920137,3927.044930804073,54.0,0.08630086574955662,-0.11040583027158822,0.08584600429574954,-0.10790587826936456,0.015436846713166804,0.054649342450556346
3047,14,637,-191.8510249122208,3920.732064928668,-153.2235956101634,3841.402841089208,54.0,0.08630086574955662,-0.13801298902785122,0.08584600429574954,-0.12805835751250302,0.015436846713166804,0.08401755129396259
3048,14,638,-191.2861040228232,3920.912450661129,-134.8166939717991,3867.276296113637,54.0,0.08630086574955662,-0.12145413295426476,0.08584600429574954,-0.1129061310395629,0.015436846713166804,0.07310053582742307
3049,15,639,-219.46475068668764,3910.916163982088,-160.39702155560826,3872.236696721719,54.0,0.08630086574955662,-0.1882540459354814,0.08584600429574954,-0.18480632399158692,0.015436846713166804,0.08005591843711407
3050,14,639,-191.2861040228232,3920.912450661129,-160.39702155560826,3872.236696721719,54.0,0.08630086574955662,-0.08433258218373268,0.08584600429574954,-0.07829403425814493,0.015436846713166804,0.051713130739502455
3051,14,640,-191.8510249122208,3920.732064928668,-170.93912756686086,3857.865301629393,54.0,0.08630086574955662,-0.1237837507357983,0.08584600429574954,-0.11894649762663306,0.015436846713166804,0.06766966674317831
3052,14,641,-191.2861040228232,3920.912450661129,-153.8352027724087,3881.8353385911855,54.0,0.08630086574955662,-0.07928384496246947,0.08584600429574954,-0.07349681183495826,0.015436846713166804,0.04824918577499879
3053,15,641,-219.46475068668764,3910.916163982088,-153.8352027724087,3881.8353385911855,54.0,0.08630086574955662,-0.16928420950763362,0.08584600429574954,-0.16499040715854008,0.015436846713166804,0.07720571245852804
3054,46,642,-260.0556528336838,3915.584287356416,-185.1723244532143,3862.5721872323993,54.0,0.08630086574955662,-0.36701638192546615,0.08584600429574954,-0.3632332205216773,0.015436846713166804,0.1177667989245126
3055,14,642,-191.8510249122208,3920.732064928668,-185.1723244532143,3862.5721872323993,54.0,0.08630086574955662,-0.11734195163702205,0.08584600429574954,-0.11416020254450726,0.015436846713166804,0.062406264626265626
3056,15,642,-219.46475068668764,3910.916163982088,-185.1723244532143,3862.5721872323993,54.0,0.08630086574955662,-0.22126990874781255,0.08584600429574954,-0.2192077832655916,0.015436846713166804,0.07545190870332376
3057,15,643,-219.46475068668764,3910.916163982088,-201.39282667417103,3905.61281133974,54.0,0.08630086574955662,-0.0843940849182248,0.08584600429574954,-0.08475134195195194,0.015436846713166804,0.028833237919935875
3058,14,643,-191.8510249122208,3920.732064928668,-201.39282667417103,3905.61281133974,54.0,0.08630086574955662,-0.030828117101749427,0.08584600429574954,-0.02987286834308771,0.015436846713166804,0.016284644291372836
3059,46,643,-260.0556528336838,3915.584287356416,-201.39282667417103,3905.61281133974,54.0,0.08630086574955662,-0.2147957179773825,0.08584600429574954,-0.21435532252125403,0.015436846713166804,0.0739951933422744
3060,15,644,-219.46475068668764,3910.916163982088,-194.47015295781316,3889.527551350435,54.0,0.08630086574955662,-0.13718344476102723,0.08584600429574954,-0.13700224543487038,0.015436846713166804,0.044047621988441164
3061,14,644,-191.8510249122208,3920.732064928668,-194.47015295781316,3889.527551350435,54.0,0.08630086574955662,-0.05530745007396835,0.08584600429574954,-0.053676402651065235,0.015436846713166804,0.030104993554285864
3062,46,644,-260.0556528336838,3915.584287356416,-194.47015295781316,3889.527551350435,54.0,0.08630086574955662,-0.2910135203901645,0.08584600429574954,-0.289505526629609,0.015436846713166804,0.08941884932833648
3063,14,645,-191.2861040228232,3920.912450661129,-167.4205538799331,3917.759500104368,54.0,0.08630086574955662,-0.04218801249429996,0.08584600429574954,-0.04060568909287551,0.015436846713166804,0.022807076007959066
3064,46,645,-260.0556528336838,3915.584287356416,-167.4205538799331,3917.759500104368,54.0,0.08630086574955662,-0.26940275486780374,0.08584600429574954,-0.2668429459471326,0.015436846713166804,0.10431926975535216
3065,15,645,-219.46475068668764,3910.916163982088,-167.4205538799331,3917.759500104368,54.0,0.08630086574955662,-0.12841977245297995,0.08584600429574954,-0.12648218246274381,0.015436846713166804,0.05604689829220638
3066,15,646,-219.46475068668764,3910.916163982088,-143.8062093783999,3927.407261262322,54.0,0.08630086574955662,-0.1963046422081254,0.08584600429574954,-0.19326031646975994,0.015436846713166804,0.08728713149510908
3067,14,646,-191.2861040228232,3920.912450661129,-143.8062093783999,3927.407261262322,54.0,0.08630086574955662,-0.11156134381864495,0.08584600429574954,-0.10911535429511324,0.015436846713166804,0.055341623309482287
3068,14,647,-191.2861040228232,3920.912450661129,-128.11374621265907,3902.904347709693,54.0,0.08630086574955662,-0.1629266962781879,0.08584600429574954,-0.15966019259099534,0.015436846713166804,0.07360179440833123
3069,15,647,-219.46475068668764,3910.916163982088,-128.11374621265907,3902.904347709693,54.0,0.08630086574955662,-0.24136035058213284,0.08584600429574954,-0.23788180313964663,0.015436846713166804,0.10334693186940999
3070,14,648,-191.2861040228232,3920.912450661129,-109.38043299124205,3904.605524472531,54.0,0.08630086574955662,-0.22391761852529588,0.08584600429574954,-0.2199541091787466,0.015436846713166804,0.09720926965120552
3071,15,648,-219.46475068668764,3910.916163982088,-109.38043299124205,3904.605524472531,54.0,0.08630086574955662,-0.3034690221095929,0.08584600429574954,-0.2992580995771627,0.015436846713166804,0.12752853303949785
3072,14,649,-191.2861040228232,3920.912450661129,-116.24285178055337,3863.5742101856567,54.0,0.08630086574955662,-0.167011568774429,0.08584600429574954,-0.15773190035124826,0.015436846713166804,0.09530033912846896
3073,46,650,-260.0556528336838,3915.584287356416,-174.55729592021984,3890.937438124017,54.0,0.08630086574955662,-0.30070469393888544,0.08584600429574954,-0.29926536557751343,0.015436846713166804,0.10847119565145821
3074,14,650,-191.2861040228232,3920.912450661129,-174.55729592021984,3890.937438124017,54.0,0.08630086574955662,-0.05839561736744117,0.08584600429574954,-0.05644680295723885,0.015436846713166804,0.03239840307144544
3075,15,650,-219.46475068668764,3910.916163982088,-174.55729592021984,3890.937438124017,54.0,0.08630086574955662,-0.14287810306601617,0.08584600429574954,-0.14215204656441943,0.015436846713166804,0.0585324397917218
3076,50,651,-32.87294301735424,3776.17863145535,-25.74162000676105,3821.09926387676,54.0,0.08630086574955662,-0.13168344078025562,0.08584600429574954,-0.12933951483592873,0.015436846713166804,0.06218346622862379
3077,14,651,-191.2861040228232,3920.912450661129,-25.74162000676105,3821.09926387676,54.0,0.08630086574955662,-0.45977533147899774,0.08584600429574954,-0.4450431913597081,0.015436846713166804,0.2327776627624982
3078,18,651,55.99463969610678,3684.4657106501672,-25.74162000676105,3821.09926387676,54.0,0.08630086574955662,-0.4278314419474809,0.08584600429574954,-0.41642297286907026,0.015436846713166804,0.1967479764914676
3079,18,652,55.99463969610678,3684.4657106501672,-14.341553360039486,3849.999377693335,54.0,0.08630086574955662,-0.4459468609153553,0.08584600429574954,-0.4313512699938591,0.015436846713166804,0.21654444231622902
3080,14,652,-191.2861040228232,3920.912450661129,-14.341553360039486,3849.999377693335,54.0,0.08630086574955662,-0.5288660781971225,0.08584600429574954,-0.5176308859349742,0.015436846713166804,0.24571145354849525
3081,18,653,55.99463969610678,3684.4657106501672,9.734006700963306,3833.316219177283,54.0,0.08630086574955662,-0.3273662038527327,0.08584600429574954,-0.3113874557730176,0.015436846713166804,0.17677175419210792
3082,18,654,55.99463969610678,3684.4657106501672,15.208905088541387,3859.554982036448,54.0,0.08630086574955662,-0.3873640205258167,0.08584600429574954,-0.37020906931303127,0.015436846713166804,0.21138597697469336
3083,32,655,334.71484028241383,4482.861045979598,451.7226557817759,4605.272919197221,54.0,0.08630086574955662,-0.5557827580304883,0.08584600429574954,-0.5427434580712525,0.015436846713166804,0.2550530669510556
3084,32,656,334.71484028241383,4482.861045979598,469.53695878019,4631.78824899171,54.0,0.08630086574955662,-0.6821368723156461,0.08584600429574954,-0.6668091064144805,0.015436846713166804,0.3147799152521375
3085,20,657,-498.52555730042025,3779.773363273628,-534.606119933744,3763.415805899948,54.0,0.08630086574955662,-0.1603116664558047,0.08584600429574954,-0.15861911436991946,0.015436846713166804,0.06586950082336256
3086,20,658,-494.5494165559717,3775.40603065143,-538.2739372748354,3736.42271139639,54.0,0.08630086574955662,-0.22483982634469676,0.08584600429574954,-0.22235771545034275,0.015436846713166804,0.0919835241069388
3087,20,659,-493.1142633148681,3773.7889738968342,-503.4668716314065,3749.0075009138736,54.0,0.08630086574955662,-0.08427927268542358,0.08584600429574954,-0.08319763657965173,0.015436846713166804,0.036200643456554035
3088,20,660,-493.1142633148681,3773.7889738968342,-487.9031031712161,3742.382310792889,54.0,0.08630086574955662,-0.08852479724227086,0.08584600429574954,-0.0872943140846513,0.015436846713166804,0.04062314363904688
3089,20,661,-493.1142633148681,3773.7889738968342,-518.1847377928273,3724.680691386569,54.0,0.08630086574955662,-0.1881668799014343,0.08584600429574954,-0.18534954046289603,0.015436846713166804,0.08075237653359596
3090,14,662,-191.2861040228232,3920.912450661129,64.11247040924663,3872.825368185757,54.0,0.08630086574955662,-0.8319191441361823,0.08584600429574954,-0.8216453853802023,0.015436846713166804,0.35728597576023097
3091,25,662,264.330530090726,3842.899620060988,64.11247040924663,3872.825368185757,54.0,0.08630086574955662,-0.974389041631717,0.08584600429574954,-0.9727500238737409,0.015436846713166804,0.2766364747418422
3092,21,663,103.34699834515416,4117.964937310308,77.65905487220303,3909.3501493595386,54.0,0.08630086574955662,-0.7724455985060539,0.08584600429574954,-0.7632144864082498,0.015436846713166804,0.29563169668660394
3093,18,663,55.99463969610678,3684.4657106501672,77.65905487220303,3909.3501493595386,54.0,0.08630086574955662,-0.4905894670397468,0.08584600429574954,-0.46369455608712135,0.015436846713166804,0.27239289921965926
3094,14,663,-191.2861040228232,3920.912450661129,77.65905487220303,3909.3501493595386,54.0,0.08630086574955662,-0.9708784623328621,0.08584600429574954,-0.9626097836860911,0.015436846713166804,0.3867420561813906
3095,25,663,264.330530090726,3842.899620060988,77.65905487220303,3909.3501493595386,54.0,0.08630086574955662,-0.8599252163101473,0.08584600429574954,-0.858446608014553,0.015436846713166804,0.27406643771402117
3096,18,664,55.99463969610678,3684.4657106501672,32.823125034109225,3912.664070630043,54.0,0.08630086574955662,-0.5338137510878643,0.08584600429574954,-0.5097079433962358,0.015436846713166804,0.28187517012608054
3097,14,664,-191.2861040228232,3920.912450661129,32.823125034109225,3912.664070630043,54.0,0.08630086574955662,-0.7869527665057147,0.08584600429574954,-0.7796731587831749,0.015436846713166804,0.3133654247866232
3098,14,665,-191.2861040228232,3920.912450661129,45.6171520763773,3868.016782251201,54.0,0.08630086574955662,-0.7640145995783993,0.08584600429574954,-0.7554393611265822,0.015436846713166804,0.3319440067851723
3099,25,665,264.330530090726,3842.899620060988,45.6171520763773,3868.016782251201,54.0,0.08630086574955662,-1.0658188740038625,0.08584600429574954,-1.0622496758234332,0.015436846713166804,0.30324210560522574
3100,18,665,55.99463969610678,3684.4657106501672,45.6171520763773,3868.016782251201,54.0,0.08630086574955662,-0.3650265561257853,0.08584600429574954,-0.3422181424903811,0.015436846713166804,0.21008676797958256
3101,21,666,103.34699834515416,4117.964937310308,67.19752621553442,3879.29954399636,54.0,0.08630086574955662,-0.8854310366016991,0.08584600429574954,-0.8759404697841411,0.015436846713166804,0.34775678508361096
3102,14,666,-191.2861040228232,3920.912450661129,67.19752621553442,3879.29954399636,54.0,0.08630086574955662,-0.8560086288875516,0.08584600429574954,-0.8467215590600944,0.015436846713166804,0.364739487322585
3103,18,666,55.99463969610678,3684.4657106501672,67.19752621553442,3879.29954399636,54.0,0.08630086574955662,-0.38412433153133624,0.08584600429574954,-0.3582605306077327,0.015436846713166804,0.22591439771803645
3104,44,667,470.9318574712719,4102.798680980681,329.4081606104876,3998.689087059467,54.0,0.08630086574955662,-0.49794553222695115,0.08584600429574954,-0.49157563358440015,0.015436846713166804,0.1891470030209662
3105,31,667,286.22286085268047,4096.016113555928,329.4081606104876,3998.689087059467,54.0,0.08630086574955662,-0.5283802155454217,0.08584600429574954,-0.5280333760660757,0.015436846713166804,0.13034613298637082
3106,53,667,275.4374088407163,3843.51011953928,329.4081606104876,3998.689087059467,54.0,0.08630086574955662,-0.6181531898935336,0.08584600429574954,-0.6201750083699606,0.015436846713166804,0.19844733282756755
3107,25,667,275.18212912654,3848.067080065535,329.4081606104876,3998.689087059467,54.0,0.08630086574955662,-0.6027531267778926,0.08584600429574954,-0.6046257045513389,0.015436846713166804,0.19141535768998216
3108,38,667,292.2609771757026,3909.816818957042,329.4081606104876,3998.689087059467,54.0,0.08630086574955662,-0.37869220788181246,0.08584600429574954,-0.38023213085448226,0.015436846713166804,0.11877035325629991
3109,41,667,461.8106926932424,4070.996636995212,329.4081606104876,3998.689087059467,54.0,0.08630086574955662,-0.4670974329766241,0.08584600429574954,-0.46292898437945557,0.015436846713166804,0.17334589794699154
3110,39,667,491.6009153175041,3965.873607703836,329.4081606104876,3998.689087059467,54.0,0.08630086574955662,-0.7676328442905724,0.08584600429574954,-0.7674242445741796,0.015436846713166804,0.21937892744435838
3111,38,668,292.2609771757026,3909.816818957042,343.5160136838465,3991.578570639738,54.0,0.08630086574955662,-0.40085396143616603,0.08584600429574954,-0.4016685942584605,0.015436846713166804,0.11726991631743838
3112,31,668,286.22286085268047,4096.016113555928,343.5160136838465,3991.578570639738,54.0,0.08630086574955662,-0.5312850093772808,0.08584600429574954,-0.5291620383742838,0.015436846713166804,0.1433795806530469
3113,44,668,470.9318574712719,4102.798680980681,343.5160136838465,3991.578570639738,54.0,0.08630086574955662,-0.550743121476172,0.08584600429574954,-0.546099184861028,0.015436846713166804,0.18909815451267356
3114,41,668,461.8106926932424,4070.996636995212,343.5160136838465,3991.578570639738,54.0,0.08630086574955662,-0.5062144791017464,0.08584600429574954,-0.5032889223269024,0.015436846713166804,0.1694861944902634
3115,31,669,286.22286085268047,4096.016113555928,326.1144591510769,3985.159052073012,54.0,0.08630086574955662,-0.6155571280473853,0.08584600429574954,-0.615916881614816,0.015436846713166804,0.14819789743953743
3116,25,669,275.18212912654,3848.067080065535,326.1144591510769,3985.159052073012,54.0,0.08630086574955662,-0.5361967584519665,0.08584600429574954,-0.5382713334444017,0.015436846713166804,0.17321550330113394
3117,44,669,470.9318574712719,4102.798680980681,326.1144591510769,3985.159052073012,54.0,0.08630086574955662,-0.5933340315197706,0.08584600429574954,-0.5873731216704405,0.015436846713166804,0.20741342452769287
3118,41,669,461.8106926932424,4070.996636995212,326.1144591510769,3985.159052073012,54.0,0.08630086574955662,-0.5665493396098021,0.08584600429574954,-0.5626104483519818,0.015436846713166804,0.19044426069024092
3119,38,669,292.2609771757026,3909.816818957042,326.1144591510769,3985.159052073012,54.0,0.08630086574955662,-0.3176833176014249,0.08584600429574954,-0.3195602000416259,0.015436846713166804,0.1007319016520283
3120,38,670,292.2609771757026,3909.816818957042,355.0956935944724,3991.135378270276,54.0,0.08630086574955662,-0.44959970870664,0.08584600429574954,-0.45012738858249235,0.015436846713166804,0.12638389257845375
3121,31,670,286.22286085268047,4096.016113555928,355.0956935944724,3991.135378270276,54.0,0.08630086574955662,-0.5184134228434186,0.08584600429574954,-0.5154288584007382,0.015436846713166804,0.15171863386457152
3122,44,670,470.9318574712719,4102.798680980681,355.0956935944724,3991.135378270276,54.0,0.08630086574955662,-0.5666347099789325,0.08584600429574954,-0.5636396031860781,0.015436846713166804,0.18298984721245848
3123,41,670,461.8106926932424,4070.996636995212,355.0956935944724,3991.135378270276,54.0,0.08630086574955662,-0.4990021189734355,0.08584600429574954,-0.4970069172433356,0.015436846713166804,0.1602880552140159
3124,39,670,491.6009153175041,3965.873607703836,355.0956935944724,3991.135378270276,54.0,0.08630086574955662,-0.6380060295501359,0.08584600429574954,-0.6384002450158497,0.015436846713166804,0.18574681588058617
3125,60,670,462.2337953932308,4065.780960132662,355.0956935944724,3991.135378270276,54.0,0.08630086574955662,-0.4798714990022402,0.08584600429574954,-0.47721939306820144,0.015436846713166804,0.15669772446560187
3126,25,670,275.18212912654,3848.067080065535,355.0956935944724,3991.135378270276,54.0,0.08630086574955662,-0.6552972198954098,0.08584600429574954,-0.6545515990792931,0.015436846713166804,0.1990480846193613
3127,44,671,470.9318574712719,4102.798680980681,348.40911047628657,3967.513791775754,54.0,0.08630086574955662,-0.7624745768412344,0.08584600429574954,-0.7614214101590778,0.015436846713166804,0.21729010174935395
3128,41,671,461.8106926932424,4070.996636995212,348.40911047628657,3967.513791775754,54.0,0.08630086574955662,-0.641326020020268,0.08584600429574954,-0.6393731905982022,0.015436846713166804,0.18749825115318405
3129,38,671,292.2609771757026,3909.816818957042,348.40911047628657,3967.513791775754,54.0,0.08630086574955662,-0.3285199753599083,0.08584600429574954,-0.3282534619706213,0.015436846713166804,0.09851599994592372
3130,25,671,275.18212912654,3848.067080065535,348.40911047628657,3967.513791775754,54.0,0.08630086574955662,-0.5259510364236958,0.08584600429574954,-0.5245319327332858,0.015436846713166804,0.1695769063801505
3131,38,672,292.2609771757026,3909.816818957042,361.37558788138097,3962.4633601457217,54.0,0.08630086574955662,-0.3603481304495829,0.08584600429574954,-0.3585007473188446,0.015436846713166804,0.10907041476935152
3132,39,672,491.6009153175041,3965.873607703836,361.37558788138097,3962.4633601457217,54.0,0.08630086574955662,-0.6142610136336517,0.08584600429574954,-0.6162811463145679,0.015436846713166804,0.17961237988617504
3133,53,672,275.4374088407163,3843.51011953928,361.37558788138097,3962.4633601457217,54.0,0.08630086574955662,-0.5812492846947952,0.08584600429574954,-0.5803847885066028,0.015436846713166804,0.18865450129963246
3134,41,672,461.8106926932424,4070.996636995212,361.37558788138097,3962.4633601457217,54.0,0.08630086574955662,-0.6096670645646545,0.08584600429574954,-0.6073554939931849,0.015436846713166804,0.1783429635266413
3135,25,672,275.18212912654,3848.067080065535,361.37558788138097,3962.4633601457217,54.0,0.08630086574955662,-0.5613825653115175,0.08584600429574954,-0.5599880352768504,0.015436846713166804,0.18073548331227016
3136,44,672,477.8504537420071,4097.009083527188,361.37558788138097,3962.4633601457217,54.0,0.08630086574955662,-0.7488348582228223,0.08584600429574954,-0.7462235746675592,0.015436846713166804,0.2093749385239515
3137,31,672,286.22286085268047,4096.016113555928,361.37558788138097,3962.4633601457217,54.0,0.08630086574955662,-0.7197883420130243,0.08584600429574954,-0.7172783768977674,0.015436846713166804,0.18898410935679769
3138,5,672,328.01618259779593,3866.898866582476,361.37558788138097,3962.4633601457217,54.0,0.08630086574955662,-0.46694387134632975,0.08584600429574954,-0.4653570476222288,0.015436846713166804,0.14307819035438565
3139,44,673,470.9318574712719,4102.798680980681,301.7826715226189,3985.67443842124,54.0,0.08630086574955662,-0.6084831674747057,0.08584600429574954,-0.602185386216883,0.015436846713166804,0.22935977222894338
3140,25,673,275.18212912654,3848.067080065535,301.7826715226189,3985.67443842124,54.0,0.08630086574955662,-0.46544221605342095,0.08584600429574954,-0.46607275628742273,0.015436846713166804,0.166267189603229
3141,53,673,275.4374088407163,3843.51011953928,301.7826715226189,3985.67443842124,54.0,0.08630086574955662,-0.4858907417482625,0.08584600429574954,-0.48678633712270764,0.015436846713166804,0.1738457211693408
3142,38,673,292.2609771757026,3909.816818957042,301.7826715226189,3985.67443842124,54.0,0.08630086574955662,-0.2410308292056578,0.08584600429574954,-0.24122944184306785,0.015436846713166804,0.09342211257895117
3143,41,673,461.8106926932424,4070.996636995212,301.7826715226189,3985.67443842124,54.0,0.08630086574955662,-0.5850225178343029,0.08584600429574954,-0.5805376066123011,0.015436846713166804,0.2149103949723508
3144,31,673,286.22286085268047,4096.016113555928,301.7826715226189,3985.67443842124,54.0,0.08630086574955662,-0.6574374227184577,0.08584600429574954,-0.655399467953057,0.015436846713166804,0.14475294902803407
3145,19,674,309.4846467710166,4112.556925703692,324.6121656230089,4002.446351914743,54.0,0.08630086574955662,-0.4544766149978633,0.08584600429574954,-0.45594771392831107,0.015436846713166804,0.1319117409370589
3146,22,674,282.91308227706304,4129.966613278081,324.6121656230089,4002.446351914743,54.0,0.08630086574955662,-0.5195267242633986,0.08584600429574954,-0.5155758475858642,0.015436846713166804,0.14710746115148163
3147,63,674,316.49031405012005,3929.154743051912,324.6121656230089,4002.446351914743,54.0,0.08630086574955662,-0.304139406560455,0.08584600429574954,-0.3062557976823734,0.015436846713166804,0.09649104755199905
3148,66,674,493.8518825171933,3956.000689079267,324.6121656230089,4002.446351914743,54.0,0.08630086574955662,-0.8127382470087432,0.08584600429574954,-0.8130030681978464,0.015436846713166804,0.23427125093565992
3149,31,674,286.22286085268047,4096.016113555928,324.6121656230089,4002.446351914743,54.0,0.08630086574955662,-0.5294380246767276,0.08584600429574954,-0.5297439070328112,0.015436846713166804,0.1249072012447703
3150,38,674,292.2609771757026,3909.816818957042,324.6121656230089,4002.446351914743,54.0,0.08630086574955662,-0.37814988573814684,0.08584600429574954,-0.37991628312000963,0.015436846713166804,0.12303365081438666
3151,39,674,491.6009153175041,3965.873607703836,324.6121656230089,4002.446351914743,54.0,0.08630086574955662,-0.7686348665877322,0.08584600429574954,-0.768255141063348,0.015436846713166804,0.22488289115895424
3152,41,674,461.8106926932424,4070.996636995212,324.6121656230089,4002.446351914743,54.0,0.08630086574955662,-0.45206204675878625,0.08584600429574954,-0.4472281692358995,0.015436846713166804,0.17346011477473294
3153,25,674,275.18212912654,3848.067080065535,324.6121656230089,4002.446351914743,54.0,0.08630086574955662,-0.6160368364225071,0.08584600429574954,-0.618628908320361,0.015436846713166804,0.19662093763143748
3154,44,674,470.9318574712719,4102.798680980681,324.6121656230089,4002.446351914743,54.0,0.08630086574955662,-0.488905377067511,0.08584600429574954,-0.48251010101058256,0.015436846713166804,0.18943731968379937
3155,38,675,292.2609771757026,3909.816818957042,346.0410833035202,3997.847804836481,54.0,0.08630086574955662,-0.43111803775488455,0.08584600429574954,-0.43181493287727024,0.015436846713166804,0.12552526327805247
3156,31,675,286.22286085268047,4096.016113555928,346.0410833035202,3997.847804836481,54.0,0.08630086574955662,-0.47900794640890026,0.08584600429574954,-0.47635697307909075,0.015436846713166804,0.13776765631642846
3157,53,675,275.4374088407163,3843.51011953928,346.0410833035202,3997.847804836481,54.0,0.08630086574955662,-0.6572719996141994,0.08584600429574954,-0.6573678298048276,0.015436846713166804,0.2045070279786647
3158,25,675,275.18212912654,3848.067080065535,346.0410833035202,3997.847804836481,54.0,0.08630086574955662,-0.6385350967616622,0.08584600429574954,-0.6383863403000525,0.015436846713166804,0.19713396148105353
3159,39,675,491.6009153175041,3965.873607703836,346.0410833035202,3997.847804836481,54.0,0.08630086574955662,-0.6863462116331501,0.08584600429574954,-0.6865096719918722,0.015436846713166804,0.19832175300113053
3160,65,675,465.43944178630807,4063.6597216274654,346.0410833035202,3997.847804836481,54.0,0.08630086574955662,-0.44560193677355275,0.08584600429574954,-0.4415122098154104,0.015436846713166804,0.1598810007799229
3161,63,675,316.49031405012005,3929.154743051912,346.0410833035202,3997.847804836481,54.0,0.08630086574955662,-0.36046575091442323,0.08584600429574954,-0.36051089842818934,0.015436846713166804,0.09536716414744174
3162,66,675,493.8518825171933,3956.000689079267,346.0410833035202,3997.847804836481,54.0,0.08630086574955662,-0.7250705251156805,0.08584600429574954,-0.7258489760844854,0.015436846713166804,0.20743963521124428
3163,44,675,470.9318574712719,4102.798680980681,346.0410833035202,3997.847804836481,54.0,0.08630086574955662,-0.4989094430010444,0.08584600429574954,-0.49387076525355766,0.015436846713166804,0.1795858328396045
3164,41,675,461.8106926932424,4070.996636995212,346.0410833035202,3997.847804836481,54.0,0.08630086574955662,-0.45375772744011283,0.08584600429574954,-0.45045792130863105,0.015436846713166804,0.16066465961076554
3165,19,675,309.4846467710166,4112.556925703692,346.0410833035202,3997.847804836481,54.0,0.08630086574955662,-0.3450097019173229,0.08584600429574954,-0.34188856727010364,0.015436846713166804,0.13928831803577668
3166,60,675,462.2337953932308,4065.780960132662,346.0410833035202,3997.847804836481,54.0,0.08630086574955662,-0.44166543325870533,0.08584600429574954,-0.4379752251210895,0.015436846713166804,0.15833997325415575
3167,22,675,282.91308227706304,4129.966613278081,346.0410833035202,3997.847804836481,54.0,0.08630086574955662,-0.4340193587997769,0.08584600429574954,-0.42779124352616005,0.015436846713166804,0.1563494818064435
3168,38,676,292.2609771757026,3909.816818957042,332.9339408519666,3975.749452511216,54.0,0.08630086574955662,-0.31033827085066223,0.08584600429574954,-0.31172431879247436,0.015436846713166804,0.09354484930636214
3169,25,676,275.18212912654,3848.067080065535,332.9339408519666,3975.749452511216,54.0,0.08630086574955662,-0.5147088650750002,0.08584600429574954,-0.5155715425453387,0.015436846713166804,0.16485439665223783
3170,41,676,461.8106926932424,4070.996636995212,332.9339408519666,3975.749452511216,54.0,0.08630086574955662,-0.6312097333439494,0.08584600429574954,-0.6286714947482394,0.015436846713166804,0.1946811106649133
3171,19,676,309.4846467710166,4112.556925703692,332.9339408519666,3975.749452511216,54.0,0.08630086574955662,-0.542836595831964,0.08584600429574954,-0.5420161866268494,0.015436846713166804,0.16396146333842476
3172,63,676,316.49031405012005,3929.154743051912,332.9339408519666,3975.749452511216,54.0,0.08630086574955662,-0.2384200298085016,0.08584600429574954,-0.23942000074286757,0.015436846713166804,0.06428625325781565
3173,44,676,470.9318574712719,4102.798680980681,332.9339408519666,3975.749452511216,54.0,0.08630086574955662,-0.6732455370866821,0.08584600429574954,-0.6690232426998709,0.015436846713166804,0.21507298786027665
3174,38,677,292.2609771757026,3909.816818957042,317.01123892056614,3988.895486735146,54.0,0.08630086574955662,-0.3123525335241205,0.08584600429574954,-0.3138650153811025,0.015436846713166804,0.1019902812867916
3175,53,677,275.4374088407163,3843.51011953928,317.01123892056614,3988.895486735146,54.0,0.08630086574955662,-0.5689484593923999,0.08584600429574954,-0.5715004930807452,0.015436846713166804,0.18288317620955044
3176,41,677,461.8106926932424,4070.996636995212,317.01123892056614,3988.895486735146,54.0,0.08630086574955662,-0.5526881889927795,0.08584600429574954,-0.5485986855605172,0.015436846713166804,0.19598248249113287
3177,44,677,470.9318574712719,4102.798680980681,317.01123892056614,3988.895486735146,54.0,0.08630086574955662,-0.5692357516463573,0.08584600429574954,-0.5626953013280042,0.015436846713166804,0.21080859073205482
3178,25,677,275.18212912654,3848.067080065535,317.01123892056614,3988.895486735146,54.0,0.08630086574955662,-0.5473482668737367,0.08584600429574954,-0.5495294036608349,0.015436846713166804,0.17541273465260804
3179,63,677,316.49031405012005,3929.154743051912,317.01123892056614,3988.895486735146,54.0,0.08630086574955662,-0.24665051109003203,0.08584600429574954,-0.2486633831262579,0.015436846713166804,0.07756359425331126
3180,19,677,309.4846467710166,4112.556925703692,317.01123892056614,3988.895486735146,54.0,0.08630086574955662,-0.5087332178542816,0.08584600429574954,-0.5103103388056941,0.015436846713166804,0.14987675270079784
3181,31,677,286.22286085268047,4096.016113555928,317.01123892056614,3988.895486735146,54.0,0.08630086574955662,-0.6134166338691385,0.08584600429574954,-0.6137689425417857,0.015436846713166804,0.14067165989927405
3182,31,678,286.22286085268047,4096.016113555928,328.8394826947961,3993.550836550456,54.0,0.08630086574955662,-0.5686682869086507,0.08584600429574954,-0.5686851725826371,0.015436846713166804,0.13694124369382477
3183,19,678,309.4846467710166,4112.556925703692,328.8394826947961,3993.550836550456,54.0,0.08630086574955662,-0.46565085272794565,0.08584600429574954,-0.46571115101195293,0.015436846713166804,0.14163267630483842
3184,38,678,292.2609771757026,3909.816818957042,328.8394826947961,3993.550836550456,54.0,0.08630086574955662,-0.35767962031339345,0.08584600429574954,-0.359327338511137,0.015436846713166804,0.11202016943095698
3185,41,678,461.8106926932424,4070.996636995212,328.8394826947961,3993.550836550456,54.0,0.08630086574955662,-0.5081284484853194,0.08584600429574954,-0.5042219048481602,0.015436846713166804,0.1795748348946785
3186,44,678,470.9318574712719,4102.798680980681,328.8394826947961,3993.550836550456,54.0,0.08630086574955662,-0.5339328308123965,0.08584600429574954,-0.5277305783415546,0.015436846713166804,0.19556364143745214
3187,63,678,316.49031405012005,3929.154743051912,328.8394826947961,3993.550836550456,54.0,0.08630086574955662,-0.283794067480044,0.08584600429574954,-0.2852401726895976,0.015436846713166804,0.08237754261419172
3188,31,679,286.22286085268047,4096.016113555928,339.4763602589023,3985.015682510838,54.0,0.08630086574955662,-0.5855985272505904,0.08584600429574954,-0.5842457033570737,0.015436846713166804,0.15015605791264164
3189,19,679,309.4846467710166,4112.556925703692,339.4763602589023,3985.015682510838,54.0,0.08630086574955662,-0.43861551157545386,0.08584600429574954,-0.4360461051369588,0.015436846713166804,0.15346445901413347
3190,38,679,292.2609771757026,3909.816818957042,339.4763602589023,3985.015682510838,54.0,0.08630086574955662,-0.36454507141105735,0.08584600429574954,-0.36556925433356646,0.015436846713166804,0.10766698909343132
3191,44,679,470.9318574712719,4102.798680980681,339.4763602589023,3985.015682510838,54.0,0.08630086574955662,-0.602937412016801,0.08584600429574954,-0.5985460797120629,0.015436846713166804,0.19973639739933285
3192,63,679,316.49031405012005,3929.154743051912,339.4763602589023,3985.015682510838,54.0,0.08630086574955662,-0.29324194264201303,0.08584600429574954,-0.29376547096159755,0.015436846713166804,0.07770773028499411
3193,41,679,461.8106926932424,4070.996636995212,339.4763602589023,3985.015682510838,54.0,0.08630086574955662,-0.5593041709235368,0.08584600429574954,-0.5566046680434924,0.015436846713166804,0.17971954472421833
3194,31,680,286.22286085268047,4096.016113555928,344.03861217691355,3970.208576259624,54.0,0.08630086574955662,-0.6753657266874511,0.08584600429574954,-0.6740728278664418,0.015436846713166804,0.17019732511427574
3195,53,680,275.4374088407163,3843.51011953928,344.03861217691355,3970.208576259624,54.0,0.08630086574955662,-0.543724382927385,0.08584600429574954,-0.5431836093870447,0.015436846713166804,0.17586193230842367
3196,66,680,493.8518825171933,3956.000689079267,344.03861217691355,3970.208576259624,54.0,0.08630086574955662,-0.7317080534546457,0.08584600429574954,-0.7337469000999022,0.015436846713166804,0.20719271297588654
3197,63,680,316.49031405012005,3929.154743051912,344.03861217691355,3970.208576259624,54.0,0.08630086574955662,-0.24820202557255377,0.08584600429574954,-0.24825340142510605,0.015436846713166804,0.06585454608918023
3198,38,680,292.2609771757026,3909.816818957042,344.03861217691355,3970.208576259624,54.0,0.08630086574955662,-0.3260402126805015,0.08584600429574954,-0.3263679016148154,0.015436846713166804,0.09672663607798929
3199,39,680,491.6009153175041,3965.873607703836,344.03861217691355,3970.208576259624,54.0,0.08630086574955662,-0.7206565521020948,0.08584600429574954,-0.7226674255964303,0.015436846713166804,0.20301380357195756
3200,22,680,282.91308227706304,4129.966613278081,344.03861217691355,3970.208576259624,54.0,0.08630086574955662,-0.6418231486332084,0.08584600429574954,-0.6362382855943675,0.015436846713166804,0.19006214004605873
3201,41,680,461.8106926932424,4070.996636995212,344.03861217691355,3970.208576259624,54.0,0.08630086574955662,-0.643842654595604,0.08584600429574954,-0.6420464126673352,0.015436846713166804,0.18945097077561301
3202,25,680,275.18212912654,3848.067080065535,344.03861217691355,3970.208576259624,54.0,0.08630086574955662,-0.524899610372218,0.08584600429574954,-0.5241211242833879,0.015436846713166804,0.16822312158146605
3203,19,680,309.4846467710166,4112.556925703692,344.03861217691355,3970.208576259624,54.0,0.08630086574955662,-0.5108755336854298,0.08584600429574954,-0.5078840945844374,0.015436846713166804,0.17304867494353152
3204,44,680,470.9318574712719,4102.798680980681,344.03861217691355,3970.208576259624,54.0,0.08630086574955662,-0.7405099535124207,0.08584600429574954,-0.7388100484856424,0.015436846713166804,0.2164463393330235
3205,62,680,438.3970135664206,3912.290557700556,344.03861217691355,3970.208576259624,54.0,0.08630086574955662,-0.56846207689007,0.08584600429574954,-0.5671165382289037,0.015436846713166804,0.1671262485475628
3206,46,681,-260.0556528336838,3915.584287356416,-211.31902072657357,3961.00505155232,54.0,0.08630086574955662,-0.24070136134553893,0.08584600429574954,-0.24157757397084179,0.015436846713166804,0.0980673025843775
3207,14,681,-201.1734055836479,3940.142680026525,-211.31902072657357,3961.00505155232,54.0,0.08630086574955662,-0.0897151603821175,0.08584600429574954,-0.08824688174401357,0.015436846713166804,0.03516901000617455
3208,46,682,-260.0556528336838,3915.584287356416,-220.7280618722674,3921.70947526317,54.0,0.08630086574955662,-0.1473352043929705,0.08584600429574954,-0.14658739712065275,0.015436846713166804,0.050957183653653704
3209,15,682,-219.46475068668764,3910.916163982088,-220.7280618722674,3921.70947526317,54.0,0.08630086574955662,-0.06492438821372624,0.08584600429574954,-0.0651992261288747,0.015436846713166804,0.022181416315924744
3210,14,682,-197.54434710437363,3932.585230033114,-220.7280618722674,3921.70947526317,54.0,0.08630086574955662,-0.09549612934991739,0.08584600429574954,-0.09458579530649193,0.015436846713166804,0.0342871553143588
3211,46,683,-260.0556528336838,3915.584287356416,-237.32088222167792,3935.218089324849,54.0,0.08630086574955662,-0.11252409793409793,0.08584600429574954,-0.11362650360366904,0.015436846713166804,0.043306550905148775
3212,15,683,-219.46475068668764,3910.916163982088,-237.32088222167792,3935.218089324849,54.0,0.08630086574955662,-0.11706225988278282,0.08584600429574954,-0.11779479516398104,0.015436846713166804,0.044378981245310714
3213,14,683,-201.1734055836479,3940.142680026525,-237.32088222167792,3935.218089324849,54.0,0.08630086574955662,-0.13874428832534852,0.08584600429574954,-0.13838261830942802,0.015436846713166804,0.05168691712655573
3214,3,684,-366.6419945922364,3850.319998086217,-274.9589686987792,3927.862775208853,54.0,0.08630086574955662,-0.38971323546581144,0.08584600429574954,-0.38700158765803383,0.015436846713166804,0.1767629256053685
3215,46,684,-260.0556528336838,3915.584287356416,-274.9589686987792,3927.862775208853,54.0,0.08630086574955662,-0.0806893998619119,0.08584600429574954,-0.0806919520815141,0.015436846713166804,0.029018930629952075
3216,14,684,-201.1734055836479,3940.142680026525,-274.9589686987792,3927.862775208853,54.0,0.08630086574955662,-0.2747175359179084,0.08584600429574954,-0.2745504460149662,0.015436846713166804,0.10929637079874097
3217,46,685,-260.0556528336838,3915.584287356416,-267.48173061784684,3914.497260456359,54.0,0.08630086574955662,-0.04758582027323745,0.08584600429574954,-0.047682254807714514,0.015436846713166804,0.016227863145814266
3218,14,685,-201.1734055836479,3940.142680026525,-267.48173061784684,3914.497260456359,54.0,0.08630086574955662,-0.2642901128166128,0.08584600429574954,-0.26389393570366265,0.015436846713166804,0.09600575251718649
3219,3,685,-366.6419945922364,3850.319998086217,-267.48173061784684,3914.497260456359,54.0,0.08630086574955662,-0.4090404572980512,0.08584600429574954,-0.40823150294311444,0.015436846713166804,0.16675142468450393
3220,15,685,-219.46475068668764,3910.916163982088,-267.48173061784684,3914.497260456359,54.0,0.08630086574955662,-0.18125391797343277,0.08584600429574954,-0.1805814834520033,0.015436846713166804,0.06252963359891728
3221,46,686,-260.0556528336838,3915.584287356416,-275.1961394385367,3889.546582295512,54.0,0.08630086574955662,-0.11437108570532632,0.08584600429574954,-0.11396545203616018,0.015436846713166804,0.040165855008928934
3222,15,686,-219.46475068668764,3910.916163982088,-275.1961394385367,3889.546582295512,54.0,0.08630086574955662,-0.21543436644407188,0.08584600429574954,-0.21330596110393973,0.015436846713166804,0.07676458040182371
3223,14,686,-194.93937706688732,3927.123978955392,-275.1961394385367,3889.546582295512,54.0,0.08630086574955662,-0.30537742301629595,0.08584600429574954,-0.3031803377924273,0.015436846713166804,0.10990423590327801
3224,14,687,-201.1734055836479,3940.142680026525,-301.9075316337328,3909.6895609842554,54.0,0.08630086574955662,-0.37551684930492546,0.08584600429574954,-0.3765012246186962,0.015436846713166804,0.1473769758827907
3225,15,687,-219.46475068668764,3910.916163982088,-301.9075316337328,3909.6895609842554,54.0,0.08630086574955662,-0.29172502645713955,0.08584600429574954,-0.29149646236960086,0.015436846713166804,0.11038159965051828
3226,46,687,-260.0556528336838,3915.584287356416,-301.9075316337328,3909.6895609842554,54.0,0.08630086574955662,-0.14754213563391183,0.08584600429574954,-0.14803210048035959,0.015436846713166804,0.06075841471619124
3227,3,687,-366.6419945922364,3850.319998086217,-301.9075316337328,3909.6895609842554,54.0,0.08630086574955662,-0.28491481893592846,0.08584600429574954,-0.2811958505552416,0.015436846713166804,0.13099763465389483
3228,14,688,-201.1734055836479,3940.142680026525,-316.3799621335906,3897.040788971913,54.0,0.08630086574955662,-0.43292655385531315,0.08584600429574954,-0.432412527979581,0.015436846713166804,0.1710191182270629
3229,46,688,-260.0556528336838,3915.584287356416,-316.3799621335906,3897.040788971913,54.0,0.08630086574955662,-0.19948695719907866,0.08584600429574954,-0.19932795727183011,0.015436846713166804,0.08491924867277631
3230,14,689,-193.43723445393763,3923.98693426072,-325.43376241113504,3862.4680735279408,54.0,0.08630086574955662,-0.5196419485219861,0.08584600429574954,-0.5171671722898004,0.015436846713166804,0.18405117754731937
3231,46,689,-260.0556528336838,3915.584287356416,-325.43376241113504,3862.4680735279408,54.0,0.08630086574955662,-0.3184471042624487,0.08584600429574954,-0.3182697241273128,0.015436846713166804,0.11342857788418349
3232,14,690,-191.8510249122208,3920.732064928668,-334.9041792227584,3838.7410632234864,54.0,0.08630086574955662,-0.5936181154391649,0.08584600429574954,-0.5895191032874372,0.015436846713166804,0.2173928090844987
3233,14,691,-200.77874433748624,3939.328354189625,-339.9484861477804,3874.699950437256,54.0,0.08630086574955662,-0.5461350890902568,0.08584600429574954,-0.5429455863076343,0.015436846713166804,0.20710736432253413
3234,3,691,-366.6419945922364,3850.319998086217,-339.9484861477804,3874.699950437256,54.0,0.08630086574955662,-0.14144397361817368,0.08584600429574954,-0.1409407130920549,0.015436846713166804,0.059898663785268265
3235,46,691,-260.0556528336838,3915.584287356416,-339.9484861477804,3874.699950437256,54.0,0.08630086574955662,-0.30234297269612076,0.08584600429574954,-0.30059324086395206,0.015436846713166804,0.12404678714444681
3236,46,692,-260.0556528336838,3915.584287356416,-348.5218148107753,3852.772908442407,54.0,0.08630086574955662,-0.3925758797924934,0.08584600429574954,-0.3930779235674774,0.015436846713166804,0.14687127082811166
3237,14,692,-193.75087435027643,3924.6824549017742,-348.5218148107753,3852.772908442407,54.0,0.08630086574955662,-0.60608511527615,0.08584600429574954,-0.6043835006173356,0.015436846713166804,0.21791906564105748
3238,14,693,-201.1734055836479,3940.142680026525,-212.01572236275788,3941.715268979583,54.0,0.08630086574955662,-0.043912360145562684,0.08584600429574954,-0.04339257651838279,0.015436846713166804,0.015290289027529392
3239,46,693,-260.0556528336838,3915.584287356416,-212.01572236275788,3941.715268979583,54.0,0.08630086574955662,-0.203221239213191,0.08584600429574954,-0.20359627966128774,0.015436846713166804,0.07604975896741836
3240,46,694,-260.0556528336838,3915.584287356416,-246.002423575228,3925.582992152925,54.0,0.08630086574955662,-0.07348586609292929,0.08584600429574954,-0.07351178661046903,0.015436846713166804,0.025531442373875043
3241,14,694,-201.1734055836479,3940.142680026525,-246.002423575228,3925.582992152925,54.0,0.08630086574955662,-0.17564207642188714,0.08584600429574954,-0.17583724363639391,0.015436846713166804,0.06715415734117491
3242,15,694,-219.46475068668764,3910.916163982088,-246.002423575228,3925.582992152925,54.0,0.08630086574955662,-0.11954727008634809,0.08584600429574954,-0.11886864704285298,0.015436846713166804,0.04186465016100102
3243,14,695,-200.6005352011216,3940.433562990343,-222.33366666999925,4024.177170602505,54.0,0.08630086574955662,-0.33292614493222655,0.08584600429574954,-0.32837390231817476,0.015436846713166804,0.14648789490261455
3244,14,696,-200.6005352011216,3940.433562990343,-198.95663681156643,4033.374445441812,54.0,0.08630086574955662,-0.35848210367742284,0.08584600429574954,-0.35145395169461274,0.015436846713166804,0.15857637631585567
3245,14,697,-200.6005352011216,3940.433562990343,-186.97901038579923,4043.687913582171,54.0,0.08630086574955662,-0.3911220632692042,0.08584600429574954,-0.3828965349307546,0.015436846713166804,0.18185996416912342
3246,14,698,-199.2078859167513,3935.960105831892,-204.4101306880948,3933.491052087412,54.0,0.08630086574955662,-0.02203417542989075,0.08584600429574954,-0.02170340470459275,0.015436846713166804,0.008064553871954993
3247,46,698,-260.0556528336838,3915.584287356416,-204.4101306880948,3933.491052087412,54.0,0.08630086574955662,-0.22146094869561994,0.08584600429574954,-0.220186876314861,0.015436846713166804,0.07853674728767707
3248,14,699,-199.6029112202325,3936.774316100618,-221.0025600671725,3926.6580830205703,54.0,0.08630086574955662,-0.09434558637589052,0.08584600429574954,-0.09319379422581339,0.015436846713166804,0.03304760984252583
3249,15,699,-219.46475068668764,3910.916163982088,-221.0025600671725,3926.6580830205703,54.0,0.08630086574955662,-0.07756079560367167,0.08584600429574954,-0.07774124330464793,0.015436846713166804,0.026558921548059007
3250,46,699,-260.0556528336838,3915.584287356416,-221.0025600671725,3926.6580830205703,54.0,0.08630086574955662,-0.15197337719148624,0.08584600429574954,-0.15112687027706992,0.015436846713166804,0.053205140281601435
3251,15,700,-219.46475068668764,3910.916163982088,-254.16694977190264,3929.4688952512015,54.0,0.08630086574955662,-0.14878251884829152,0.08584600429574954,-0.14821764236929685,0.015436846713166804,0.054418730829997576
3252,46,700,-260.0556528336838,3915.584287356416,-254.16694977190264,3929.4688952512015,54.0,0.08630086574955662,-0.06735086127918473,0.08584600429574954,-0.06730156672087467,0.015436846713166804,0.024701734900627256
3253,14,700,-201.1734055836479,3940.142680026525,-254.16694977190264,3929.4688952512015,54.0,0.08630086574955662,-0.19968201160716026,0.08584600429574954,-0.20002453697506273,0.015436846713166804,0.07758875050624053
3254,15,701,-219.46475068668764,3910.916163982088,-272.92072447444207,3916.205604383721,54.0,0.08630086574955662,-0.20097108393086985,0.08584600429574954,-0.20034551958148844,0.015436846713166804,0.06924886977154306
3255,46,701,-260.0556528336838,3915.584287356416,-272.92072447444207,3916.205604383721,54.0,0.08630086574955662,-0.061268586423262314,0.08584600429574954,-0.061392749620951655,0.015436846713166804,0.02089400224489503
3256,14,701,-201.1734055836479,3940.142680026525,-272.92072447444207,3916.205604383721,54.0,0.08630086574955662,-0.28006227583728716,0.08584600429574954,-0.28035169963422424,0.015436846713166804,0.10305456858645007
3257,14,702,-193.60263791502268,3924.223463729852,-265.0502416392309,3890.639245876809,54.0,0.08630086574955662,-0.26423789893986255,0.08584600429574954,-0.2623843908459728,0.015436846713166804,0.09482847072843907
3258,15,702,-219.46475068668764,3910.916163982088,-265.0502416392309,3890.639245876809,54.0,0.08630086574955662,-0.18561416659487612,0.08584600429574954,-0.18381370470847339,0.015436846713166804,0.06526808898657559
3259,46,702,-260.0556528336838,3915.584287356416,-265.0502416392309,3890.639245876809,54.0,0.08630086574955662,-0.09852105245189909,0.08584600429574954,-0.09819061458637449,0.015436846713166804,0.034629553713251056
3260,46,703,-260.0556528336838,3915.584287356416,-305.0054529490755,3895.678747236552,54.0,0.08630086574955662,-0.1757568561490892,0.08584600429574954,-0.17617773195686212,0.015436846713166804,0.06881537867501042
3261,14,703,-201.1734055836479,3940.142680026525,-305.0054529490755,3895.678747236552,54.0,0.08630086574955662,-0.41034353061468376,0.08584600429574954,-0.4098865822773127,0.015436846713166804,0.15322917528252714
3262,15,703,-219.46475068668764,3910.916163982088,-305.0054529490755,3895.678747236552,54.0,0.08630086574955662,-0.3295591944133811,0.08584600429574954,-0.32902927633263646,0.015436846713166804,0.11318269089929775
3263,14,704,-198.02227521408452,3933.517647895677,-321.8097667276481,3875.861948073805,54.0,0.08630086574955662,-0.506733109922852,0.08584600429574954,-0.5041838423299134,0.015436846713166804,0.1779771454094146
3264,15,704,-219.46475068668764,3910.916163982088,-321.8097667276481,3875.861948073805,54.0,0.08630086574955662,-0.39701402833558286,0.08584600429574954,-0.39452932027971765,0.015436846713166804,0.14088489238051166
3265,46,704,-260.0556528336838,3915.584287356416,-321.8097667276481,3875.861948073805,54.0,0.08630086574955662,-0.2672255074555146,0.08584600429574954,-0.2668895952323421,0.015436846713166804,0.09969054541831376
3266,14,705,-198.34371406654796,3934.10220520418,-285.02350266437804,3893.5060598089713,54.0,0.08630086574955662,-0.35935226141242255,0.08584600429574954,-0.35744049457473964,0.015436846713166804,0.12313562918491049
3267,46,705,-260.0556528336838,3915.584287356416,-285.02350266437804,3893.5060598089713,54.0,0.08630086574955662,-0.1347795552961838,0.08584600429574954,-0.1350671829266532,0.015436846713166804,0.04544056521374759
3268,15,705,-219.46475068668764,3910.916163982088,-285.02350266437804,3893.5060598089713,54.0,0.08630086574955662,-0.2549330168812309,0.08584600429574954,-0.25358175827044865,0.015436846713166804,0.08725685004161209
3269,14,706,-193.5199374011676,3924.105198446465,-325.60180416002567,3862.5617444854206,54.0,0.08630086574955662,-0.5202374376955646,0.08584600429574954,-0.5177825035905008,0.015436846713166804,0.1841140876629361
3270,46,706,-260.0556528336838,3915.584287356416,-325.60180416002567,3862.5617444854206,54.0,0.08630086574955662,-0.3184144557440368,0.08584600429574954,-0.31823941730127436,0.015436846713166804,0.11354239953869938
3271,14,707,-200.6005352011216,3940.433562990343,-198.48172235255237,3962.303825509364,54.0,0.08630086574955662,-0.07926579393534428,0.08584600429574954,-0.07802688549321107,0.015436846713166804,0.03432082290267889
3272,14,708,-201.1734055836479,3940.142680026525,-245.12942589735192,3951.303957723816,54.0,0.08630086574955662,-0.17100283529964955,0.08584600429574954,-0.17010265110168704,0.015436846713166804,0.06568419496840658
3273,46,708,-260.0556528336838,3915.584287356416,-245.12942589735192,3951.303957723816,54.0,0.08630086574955662,-0.1435769332479232,0.08584600429574954,-0.14379391164101576,0.015436846713166804,0.057800098444613916
3274,15,708,-219.46475068668764,3910.916163982088,-245.12942589735192,3951.303957723816,54.0,0.08630086574955662,-0.1733864302101205,0.08584600429574954,-0.17504942892304376,0.015436846713166804,0.0691552531426851
3275,14,709,-201.1734055836479,3940.142680026525,-242.5354076593333,3921.677539000169,54.0,0.08630086574955662,-0.17116160110608097,0.08584600429574954,-0.17033820094952695,0.015436846713166804,0.06261080969495597
3276,15,709,-219.46475068668764,3910.916163982088,-242.5354076593333,3921.677539000169,54.0,0.08630086574955662,-0.10454520994052505,0.08584600429574954,-0.1038841405595492,0.015436846713166804,0.03627097396806923
3277,46,709,-260.0556528336838,3915.584287356416,-242.5354076593333,3921.677539000169,54.0,0.08630086574955662,-0.0773319851104566,0.08584600429574954,-0.07711354260841699,0.015436846713166804,0.026615852488299546
3278,46,710,-260.0556528336838,3915.584287356416,-294.2191221519013,3908.731258999061,54.0,0.08630086574955662,-0.12487811789055364,0.08584600429574954,-0.12539017878483477,0.015436846713166804,0.04994463351761348
3279,15,710,-219.46475068668764,3910.916163982088,-294.2191221519013,3908.731258999061,54.0,0.08630086574955662,-0.2677650001487903,0.08584600429574954,-0.2675456209329249,0.015436846713166804,0.0990597868325274
3280,14,710,-201.1734055836479,3940.142680026525,-294.2191221519013,3908.731258999061,54.0,0.08630086574955662,-0.35414566360346206,0.08584600429574954,-0.3547869441109591,0.015436846713166804,0.13546726112767082
3281,14,711,-191.8510249122208,3920.732064928668,-338.47089415442724,3843.274304183631,54.0,0.08630086574955662,-0.5944523290865563,0.08584600429574954,-0.590385176354157,0.015436846713166804,0.2166122635420662
3282,46,712,-260.0556528336838,3915.584287356416,-224.04897310096092,3960.4650681106295,54.0,0.08630086574955662,-0.2080067681405733,0.08584600429574954,-0.20806252390585972,0.015436846713166804,0.08585723937585672
3283,46,713,-260.0556528336838,3915.584287356416,-236.9623812718686,3941.249035298143,54.0,0.08630086574955662,-0.12717657851164932,0.08584600429574954,-0.12849249249735772,0.015436846713166804,0.05012492946187293
3284,5,714,328.01618259779593,3866.898866582476,325.04419856673445,3890.523033053691,54.0,0.08630086574955662,-0.1142468463628927,0.08584600429574954,-0.11407771181641563,0.015436846713166804,0.03612815026255706
3285,53,714,275.4374088407163,3843.51011953928,325.04419856673445,3890.523033053691,54.0,0.08630086574955662,-0.2669535047586038,0.08584600429574954,-0.26882610664817025,0.015436846713166804,0.09016289903499644
3286,25,714,275.18212912654,3848.067080065535,325.04419856673445,3890.523033053691,54.0,0.08630086574955662,-0.24382377181332404,0.08584600429574954,-0.24534887267080077,0.015436846713166804,0.08183283688256562
3287,12,714,339.7794838460253,3807.442051326752,325.04419856673445,3890.523033053691,54.0,0.08630086574955662,-0.4365162392850147,0.08584600429574954,-0.43630635138100027,0.015436846713166804,0.13172324183327616
3288,38,714,292.2609771757026,3909.816818957042,325.04419856673445,3890.523033053691,54.0,0.08630086574955662,-0.13166473393726025,0.08584600429574954,-0.13156132365215406,0.015436846713166804,0.04885744000498863
3289,25,715,275.96562758805453,3846.383062878264,326.8205357700357,3870.82711033228,54.0,0.08630086574955662,-0.22979116289924362,0.08584600429574954,-0.23108834168173709,0.015436846713166804,0.07477136291995062
3290,13,715,350.3727630331359,3756.461999998863,326.8205357700357,3870.82711033228,54.0,0.08630086574955662,-0.5951200260681233,0.08584600429574954,-0.5949372430599869,0.015436846713166804,0.18765087877600536
3291,53,715,275.4374088407163,3843.51011953928,326.8205357700357,3870.82711033228,54.0,0.08630086574955662,-0.24916964198531605,0.08584600429574954,-0.25078052402342155,0.015436846713166804,0.08190034214926031
3292,12,715,339.7794838460253,3807.442051326752,326.8205357700357,3870.82711033228,54.0,0.08630086574955662,-0.35419258377844043,0.08584600429574954,-0.35413435737932664,0.015436846713166804,0.10461036934072931
3293,38,715,292.2609771757026,3909.816818957042,326.8205357700357,3870.82711033228,54.0,0.08630086574955662,-0.2043841138978101,0.08584600429574954,-0.20519124827351812,0.015436846713166804,0.06781018235778041
3294,11,715,339.1199783648173,3779.719741822334,326.8205357700357,3870.82711033228,54.0,0.08630086574955662,-0.4899425350856795,0.08584600429574954,-0.4904822155059868,0.015436846713166804,0.14853452604973016
3295,10,715,331.5278665142546,3788.394860859632,326.8205357700357,3870.82711033228,54.0,0.08630086574955662,-0.44127252647754267,0.08584600429574954,-0.44146095061948976,0.015436846713166804,0.13256327230373102
3296,25,716,278.7601371768536,3840.6549618706185,322.07013414792897,3854.3413164341778,54.0,0.08630086574955662,-0.1920291969859582,0.08584600429574954,-0.19382278734071193,0.015436846713166804,0.06696837085353675
3297,10,716,331.5278665142546,3788.394860859632,322.07013414792897,3854.3413164341778,54.0,0.08630086574955662,-0.33626381890317414,0.08584600429574954,-0.3366950477811671,0.015436846713166804,0.10717963324685743
3298,13,716,350.3727630331359,3756.461999998863,322.07013414792897,3854.3413164341778,54.0,0.08630086574955662,-0.5062780793398068,0.08584600429574954,-0.5062543454246815,0.015436846713166804,0.1656964179636086
3299,38,716,292.2609771757026,3909.816818957042,322.07013414792897,3854.3413164341778,54.0,0.08630086574955662,-0.2574640343403276,0.08584600429574954,-0.2584719225655589,0.015436846713166804,0.08227216071305254
3300,11,716,339.1199783648173,3779.719741822334,322.07013414792897,3854.3413164341778,54.0,0.08630086574955662,-0.3965354376150352,0.08584600429574954,-0.3972778478130235,0.015436846713166804,0.12553920686882644
3301,53,716,275.4374088407163,3843.51011953928,322.07013414792897,3854.3413164341778,54.0,0.08630086574955662,-0.2133105289657748,0.08584600429574954,-0.2153316114278741,0.015436846713166804,0.07371243513323732
3302,5,716,328.01618259779593,3866.898866582476,322.07013414792897,3854.3413164341778,54.0,0.08630086574955662,-0.08113693218112697,0.08584600429574954,-0.08127294486989639,0.015436846713166804,0.023302958015278367
3303,12,716,339.7794838460253,3807.442051326752,322.07013414792897,3854.3413164341778,54.0,0.08630086574955662,-0.27152815199957975,0.08584600429574954,-0.27162787454950194,0.015436846713166804,0.08408996501714153
3304,38,717,292.2609771757026,3909.816818957042,300.148444319119,3836.049470583129,54.0,0.08630086574955662,-0.2782716705782769,0.08584600429574954,-0.2794498439592267,0.015436846713166804,0.09049816718284236
3305,10,717,331.5278665142546,3788.394860859632,300.148444319119,3836.049470583129,54.0,0.08630086574955662,-0.26507976532047395,0.08584600429574954,-0.26598498882106,0.015436846713166804,0.09483569875659245
3306,5,717,328.01618259779593,3866.898866582476,300.148444319119,3836.049470583129,54.0,0.08630086574955662,-0.1904022848546524,0.08584600429574954,-0.19125057626703448,0.015436846713166804,0.061445579200612686
3307,13,717,350.3727630331359,3756.461999998863,300.148444319119,3836.049470583129,54.0,0.08630086574955662,-0.4291109558646148,0.08584600429574954,-0.42943176639784536,0.015436846713166804,0.15440357703782398
3308,25,717,278.7601371768536,3840.6549618706185,300.148444319119,3836.049470583129,54.0,0.08630086574955662,-0.0959362238750041,0.08584600429574954,-0.09734705575626794,0.015436846713166804,0.036275938807659995
3309,53,717,275.4374088407163,3843.51011953928,300.148444319119,3836.049470583129,54.0,0.08630086574955662,-0.12744790088769908,0.08584600429574954,-0.1293233536651306,0.015436846713166804,0.04819495030703161
3310,12,717,339.7794838460253,3807.442051326752,300.148444319119,3836.049470583129,54.0,0.08630086574955662,-0.24097889229807445,0.08584600429574954,-0.2409965096626274,0.015436846713166804,0.08048409675242574
3311,5,718,328.01618259779593,3866.898866582476,298.4736831184446,3865.427505089792,54.0,0.08630086574955662,-0.13729333989391362,0.08584600429574954,-0.13779914897962872,0.015436846713166804,0.041853757816382835
3312,12,718,339.7794838460253,3807.442051326752,298.4736831184446,3865.427505089792,54.0,0.08630086574955662,-0.33886898792061443,0.08584600429574954,-0.33939063527195434,0.015436846713166804,0.10902580597588274
3313,38,718,292.2609771757026,3909.816818957042,298.4736831184446,3865.427505089792,54.0,0.08630086574955662,-0.17898731765026757,0.08584600429574954,-0.17917801417476434,0.015436846713166804,0.05446956098557221
3314,53,718,275.4374088407163,3843.51011953928,298.4736831184446,3865.427505089792,54.0,0.08630086574955662,-0.13270356829484908,0.08584600429574954,-0.13377812048212243,0.015436846713166804,0.04703608558139346
3315,25,718,275.18212912654,3848.067080065535,298.4736831184446,3865.427505089792,54.0,0.08630086574955662,-0.10664652242101742,0.08584600429574954,-0.10730136068438759,0.015436846713166804,0.03705366684107523
3316,38,719,292.2609771757026,3909.816818957042,312.55779460009745,3872.429480945586,54.0,0.08630086574955662,-0.17005393683829603,0.08584600429574954,-0.17069504082961223,0.015436846713166804,0.05546791439719469
3317,25,719,275.18212912654,3848.067080065535,312.55779460009745,3872.429480945586,54.0,0.08630086574955662,-0.1718308236976382,0.08584600429574954,-0.17276232382592438,0.015436846713166804,0.05702207470714929
3318,53,719,275.4374088407163,3843.51011953928,312.55779460009745,3872.429480945586,54.0,0.08630086574955662,-0.19569387902330396,0.08584600429574954,-0.1970291865159456,0.015436846713166804,0.06595013287177272
3319,5,719,328.01618259779593,3866.898866582476,312.55779460009745,3872.429480945586,54.0,0.08630086574955662,-0.08633192771370293,0.08584600429574954,-0.08660654480742473,0.015436846713166804,0.025864476380794366
3320,5,720,328.01618259779593,3866.898866582476,309.97405298229904,3896.896670356153,54.0,0.08630086574955662,-0.14943598939063663,0.08584600429574954,-0.15025587524020848,0.015436846713166804,0.04749416999074296
3321,25,720,275.18212912654,3848.067080065535,309.97405298229904,3896.896670356153,54.0,0.08630086574955662,-0.22085563216512152,0.08584600429574954,-0.22206725735724547,0.015436846713166804,0.07297065737269964
3322,53,720,275.4374088407163,3843.51011953928,309.97405298229904,3896.896670356153,54.0,0.08630086574955662,-0.24237991517676327,0.08584600429574954,-0.2439513117154805,0.015436846713166804,0.08149300673048432
3323,38,720,292.2609771757026,3909.816818957042,309.97405298229904,3896.896670356153,54.0,0.08630086574955662,-0.08019419127335412,0.08584600429574954,-0.07980250980715597,0.015436846713166804,0.030538404302225312
3324,44,721,470.9318574712719,4102.798680980681,281.68860591242515,3899.277797409469,54.0,0.08630086574955662,-1.1298019478882513,0.08584600429574954,-1.1284295655500907,0.015436846713166804,0.33029124884442507
3325,53,721,275.4374088407163,3843.51011953928,281.68860591242515,3899.277797409469,54.0,0.08630086574955662,-0.22478308079447706,0.08584600429574954,-0.22577404605044638,0.015436846713166804,0.07133203086995002
3326,38,721,292.2609771757026,3909.816818957042,281.68860591242515,3899.277797409469,54.0,0.08630086574955662,-0.07111333617189018,0.08584600429574954,-0.07085732775132585,0.015436846713166804,0.023665952985406566
3327,25,721,275.18212912654,3848.067080065535,281.68860591242515,3899.277797409469,54.0,0.08630086574955662,-0.19846309320171585,0.08584600429574954,-0.19915569445745218,0.015436846713166804,0.06190697899950405
3328,12,721,339.7794838460253,3807.442051326752,281.68860591242515,3899.277797409469,54.0,0.08630086574955662,-0.4943695843609868,0.08584600429574954,-0.49523670455853575,0.015436846713166804,0.1534174433178258
3329,5,721,328.01618259779593,3866.898866582476,281.68860591242515,3899.277797409469,54.0,0.08630086574955662,-0.2384605447262003,0.08584600429574954,-0.23938169183037206,0.015436846713166804,0.07232061101246788
3330,12,722,339.7794838460253,3807.442051326752,258.026281620782,3903.2885999367545,54.0,0.08630086574955662,-0.458613976066469,0.08584600429574954,-0.4567422228354313,0.015436846713166804,0.15595844287110144
3331,53,722,275.4374088407163,3843.51011953928,258.026281620782,3903.2885999367545,54.0,0.08630086574955662,-0.06995429524419337,0.08584600429574954,-0.0635120520069327,0.015436846713166804,0.03914375520040084
3332,38,722,292.2609771757026,3909.816818957042,258.026281620782,3903.2885999367545,54.0,0.08630086574955662,-0.12946151086126684,0.08584600429574954,-0.12851093470823566,0.015436846713166804,0.04208469436318284
3333,25,722,275.18212912654,3848.067080065535,258.026281620782,3903.2885999367545,54.0,0.08630086574955662,-0.05038204555134172,0.08584600429574954,-0.04413712056859678,0.015436846713166804,0.03148111217156682
3334,53,723,275.4374088407163,3843.51011953928,225.26275792109743,3851.6329722134415,54.0,0.08630086574955662,-0.2275548055272803,0.08584600429574954,-0.22678014248972203,0.015436846713166804,0.06964104740874333
3335,25,723,264.330530090726,3842.899620060988,225.26275792109743,3851.6329722134415,54.0,0.08630086574955662,-0.1951366097527502,0.08584600429574954,-0.1949043909580511,0.015436846713166804,0.05316891457111697
3336,38,723,292.2609771757026,3909.816818957042,225.26275792109743,3851.6329722134415,54.0,0.08630086574955662,-0.16079561230032718,0.08584600429574954,-0.15398790734104137,0.015436846713166804,0.07776545718998387
3337,53,724,275.4374088407163,3843.51011953928,238.67127808163656,3887.54982630175,54.0,0.08630086574955662,-0.057681362704251955,0.08584600429574954,-0.05132051302246083,0.015436846713166804,0.03405001204662215
3338,25,724,264.330530090726,3842.899620060988,238.67127808163656,3887.54982630175,54.0,0.08630086574955662,-0.06029822820514443,0.08584600429574954,-0.05502600183327221,0.015436846713166804,0.0345178241548706
3339,12,724,339.7794838460253,3807.442051326752,238.67127808163656,3887.54982630175,54.0,0.08630086574955662,-0.37701822597793794,0.08584600429574954,-0.37272744367032234,0.015436846713166804,0.14120560544191554
3340,38,724,292.2609771757026,3909.816818957042,238.67127808163656,3887.54982630175,54.0,0.08630086574955662,-0.11206658501373622,0.08584600429574954,-0.10740906759715095,0.015436846713166804,0.04731402072864038
3341,53,725,275.4374088407163,3843.51011953928,216.78058276365192,3875.401286069962,54.0,0.08630086574955662,-0.15273141651820485,0.08584600429574954,-0.1482692600517337,0.015436846713166804,0.06740312351875888
3342,25,725,264.330530090726,3842.899620060988,216.78058276365192,3875.401286069962,54.0,0.08630086574955662,-0.14712405596675684,0.08584600429574954,-0.1438381599771169,0.015436846713166804,0.06294525693469316
3343,38,725,292.2609771757026,3909.816818957042,216.78058276365192,3875.401286069962,54.0,0.08630086574955662,-0.13155708534941418,0.08584600429574954,-0.12400225517256823,0.015436846713166804,0.06307771887711233
3344,18,726,126.52937545907687,3669.1679992851136,194.69215329829044,3859.7518318258,54.0,0.08630086574955662,-0.9661556972219965,0.08584600429574954,-0.9626120566786465,0.015436846713166804,0.29946766918148726
3345,53,726,275.4374088407163,3843.51011953928,194.69215329829044,3859.7518318258,54.0,0.08630086574955662,-0.3444749938648229,0.08584600429574954,-0.34322364613301565,0.015436846713166804,0.1060279125231514
3346,25,726,264.330530090726,3842.899620060988,194.69215329829044,3859.7518318258,54.0,0.08630086574955662,-0.344087430940623,0.08584600429574954,-0.34403328588344184,0.015436846713166804,0.092471986538776
3347,38,726,292.2609771757026,3909.816818957042,194.69215329829044,3859.7518318258,54.0,0.08630086574955662,-0.288089175225303,0.08584600429574954,-0.28132483807250064,0.015436846713166804,0.09760368286524462
3348,18,727,126.52937545907687,3669.1679992851136,184.8894463734039,3844.197419775655,54.0,0.08630086574955662,-0.8244126262720926,0.08584600429574954,-0.8208997215925813,0.015436846713166804,0.2738352908446731
3349,38,727,292.2609771757026,3909.816818957042,184.8894463734039,3844.197419775655,54.0,0.08630086574955662,-0.40163438913025895,0.08584600429574954,-0.3951347066447124,0.015436846713166804,0.1233381104671602
3350,53,727,275.4374088407163,3843.51011953928,184.8894463734039,3844.197419775655,54.0,0.08630086574955662,-0.6072059112603189,0.08584600429574954,-0.6077526741214101,0.015436846713166804,0.12769717087500948
3351,25,727,264.330530090726,3842.899620060988,184.8894463734039,3844.197419775655,54.0,0.08630086574955662,-0.5578073411123802,0.08584600429574954,-0.5584983889597848,0.015436846713166804,0.11088801080789482
3352,25,728,264.330530090726,3842.899620060988,216.67804085346188,3854.6589930314367,54.0,0.08630086574955662,-0.22207144763361336,0.08584600429574954,-0.2215557718024568,0.015436846713166804,0.06341578179354214
3353,18,728,126.52937545907687,3669.1679992851136,216.67804085346188,3854.6589930314367,54.0,0.08630086574955662,-1.0591416008939385,0.08584600429574954,-1.058081669629581,0.015436846713166804,0.31099808626584147
3354,25,729,264.330530090726,3842.899620060988,201.6426748967095,3841.084954194472,54.0,0.08630086574955662,-0.4247706392197499,0.08584600429574954,-0.4254935445796055,0.015436846713166804,0.087395513693777
3355,38,729,292.2609771757026,3909.816818957042,201.6426748967095,3841.084954194472,54.0,0.08630086574955662,-0.345948487972354,0.08584600429574954,-0.3394258519234173,0.015436846713166804,0.11236934876290021
3356,18,729,126.52937545907687,3669.1679992851136,201.6426748967095,3841.084954194472,54.0,0.08630086574955662,-0.9063003089018358,0.08584600429574954,-0.9042705969060997,0.015436846713166804,0.28236834381798276
3357,53,729,275.4374088407163,3843.51011953928,201.6426748967095,3841.084954194472,54.0,0.08630086574955662,-0.4753618308487368,0.08584600429574954,-0.4759430684233916,0.015436846713166804,0.10461437739052469
3358,25,730,275.08785805456387,3847.958391331468,245.1738650954148,3910.692918075235,54.0,0.08630086574955662,-0.07537846124096895,0.08584600429574954,-0.0687846042933506,0.015436846713166804,0.0427251129574232
3359,18,730,126.52937545907687,3669.1679992851136,245.1738650954148,3910.692918075235,54.0,0.08630086574955662,-1.2075306693629186,0.08584600429574954,-1.202368522465229,0.015436846713166804,0.3664163661843148
3360,21,731,103.34699834515416,4117.964937310308,219.492026721324,3902.160321959544,54.0,0.08630086574955662,-0.7632644855091137,0.08584600429574954,-0.7506189429813634,0.015436846713166804,0.294219775377384
3361,38,731,292.2609771757026,3909.816818957042,219.492026721324,3902.160321959544,54.0,0.08630086574955662,-0.23624669590658162,0.08584600429574954,-0.23460347454978464,0.015436846713166804,0.08353737063652306
3362,25,731,264.330530090726,3842.899620060988,219.492026721324,3902.160321959544,54.0,0.08630086574955662,-0.0976105947096324,0.08584600429574954,-0.09037811730835135,0.015436846713166804,0.056192008339020535
3363,18,731,126.52937545907687,3669.1679992851136,219.492026721324,3902.160321959544,54.0,0.08630086574955662,-1.145702513969619,0.08584600429574954,-1.141060021346429,0.015436846713166804,0.35788197742268946
3364,53,731,275.4374088407163,3843.51011953928,219.492026721324,3902.160321959544,54.0,0.08630086574955662,-0.08974852186617091,0.08584600429574954,-0.08119201113515093,0.015436846713166804,0.05336628471629315
3365,18,732,126.52937545907687,3669.1679992851136,233.00864843063775,3870.269977730515,54.0,0.08630086574955662,-1.1241111542600248,0.08584600429574954,-1.1223553885501696,0.015436846713166804,0.33614202218940453
3366,53,732,275.4374088407163,3843.51011953928,233.00864843063775,3870.269977730515,54.0,0.08630086574955662,-0.09020633688263269,0.08584600429574954,-0.08598955981650706,0.015436846713166804,0.046649294080353634
3367,25,732,264.330530090726,3842.899620060988,233.00864843063775,3870.269977730515,54.0,0.08630086574955662,-0.08139896266772792,0.08584600429574954,-0.07825512585897908,0.015436846713166804,0.04169277201942306
3368,38,732,292.2609771757026,3909.816818957042,233.00864843063775,3870.269977730515,54.0,0.08630086574955662,-0.11697188185980494,0.08584600429574954,-0.1108084406754509,0.015436846713166804,0.05574943593668033
3369,25,733,264.330530090726,3842.899620060988,211.7067472244628,3878.559134011484,54.0,0.08630086574955662,-0.1600260771291408,0.08584600429574954,-0.15638237976753525,0.015436846713166804,0.0693840158221129
3370,18,733,126.52937545907687,3669.1679992851136,211.7067472244628,3878.559134011484,54.0,0.08630086574955662,-1.1004833259768658,0.08584600429574954,-1.0976879266051012,0.015436846713166804,0.33173393792765876
3371,53,733,275.4374088407163,3843.51011953928,211.7067472244628,3878.559134011484,54.0,0.08630086574955662,-0.16051167080169387,0.08584600429574954,-0.15557245680731122,0.015436846713166804,0.07314505274210321
3372,38,733,292.2609771757026,3909.816818957042,211.7067472244628,3878.559134011484,54.0,0.08630086574955662,-0.1501486842254601,0.08584600429574954,-0.14272465256536548,0.015436846713166804,0.06956616385219733
3373,53,734,275.4374088407163,3843.51011953928,258.4336883859368,3877.8657284365577,54.0,0.08630086574955662,-0.0457867245072224,0.08584600429574954,-0.04167920467427141,0.015436846713166804,0.02508164621743775
3374,38,734,292.2609771757026,3909.816818957042,258.4336883859368,3877.8657284365577,54.0,0.08630086574955662,-0.10939475499247078,0.08584600429574954,-0.10648827399550226,0.015436846713166804,0.04200914984781508
3375,25,734,273.23479148912514,3847.1159350703206,258.4336883859368,3877.8657284365577,54.0,0.08630086574955662,-0.02679124047685723,0.08584600429574954,-0.02299518384748403,0.015436846713166804,0.017389886401707733
3376,18,734,126.52937545907687,3669.1679992851136,258.4336883859368,3877.8657284365577,54.0,0.08630086574955662,-1.1281066084172817,0.08584600429574954,-1.1252766565319354,0.015436846713166804,0.35276091222177397
3377,63,735,316.49031405012005,3929.154743051912,265.3096747297514,3890.540840509381,54.0,0.08630086574955662,-0.1756328273510331,0.08584600429574954,-0.17329773814359342,0.015436846713166804,0.06856047453750182
3378,25,735,275.18212912654,3848.067080065535,265.3096747297514,3890.540840509381,54.0,0.08630086574955662,-0.03060565483653537,0.08584600429574954,-0.02568511350900814,0.015436846713166804,0.021971590619736064
3379,38,735,292.2609771757026,3909.816818957042,265.3096747297514,3890.540840509381,54.0,0.08630086574955662,-0.09151585180163814,0.08584600429574954,-0.08978870179664675,0.015436846713166804,0.03380112501911155
3380,53,735,275.4374088407163,3843.51011953928,265.3096747297514,3890.540840509381,54.0,0.08630086574955662,-0.050645771532269374,0.08584600429574954,-0.04549262339291943,0.015436846713166804,0.029972943440314568
3381,18,735,126.52937545907687,3669.1679992851136,265.3096747297514,3890.540840509381,54.0,0.08630086574955662,-1.140532138605915,0.08584600429574954,-1.1360400709352791,0.015436846713166804,0.3612103298115895
3382,25,736,276.4908269595127,3845.3713588753258,325.17422066430987,3868.80579167809,54.0,0.08630086574955662,-0.21958398227073989,0.08584600429574954,-0.22097146060460088,0.015436846713166804,0.07229403526455408
3383,44,736,482.2902751987267,4093.226876078621,325.17422066430987,3868.80579167809,54.0,0.08630086574955662,-1.1624386831586484,0.08584600429574954,-1.1587363206319417,0.015436846713166804,0.3475420688041697
3384,53,736,275.4374088407163,3843.51011953928,325.17422066430987,3868.80579167809,54.0,0.08630086574955662,-0.23804437751476568,0.08584600429574954,-0.23967928317288983,0.015436846713166804,0.07894928297586887
3385,38,736,292.2609771757026,3909.816818957042,325.17422066430987,3868.80579167809,54.0,0.08630086574955662,-0.2072516848842229,0.08584600429574954,-0.20816840134636258,0.015436846713166804,0.06851920794605576
3386,63,736,316.49031405012005,3929.154743051912,325.17422066430987,3868.80579167809,54.0,0.08630086574955662,-0.19943075868743118,0.08584600429574954,-0.19911478786801812,0.015436846713166804,0.07708753052938638
3387,25,737,264.330530090726,3842.899620060988,244.26666170076163,3867.105363176406,54.0,0.08630086574955662,-0.05706107425902669,0.08584600429574954,-0.05446134776236195,0.015436846713166804,0.028257149977957644
3388,38,737,292.2609771757026,3909.816818957042,244.26666170076163,3867.105363176406,54.0,0.08630086574955662,-0.12304177511013017,0.08584600429574954,-0.11827477137152514,0.015436846713166804,0.05341526228034554
3389,53,737,275.4374088407163,3843.51011953928,244.26666170076163,3867.105363176406,54.0,0.08630086574955662,-0.06718823430996974,0.08584600429574954,-0.06360316108409005,0.015436846713166804,0.033586810154592875
3390,18,737,126.52937545907687,3669.1679992851136,244.26666170076163,3867.105363176406,54.0,0.08630086574955662,-1.1202854658009689,0.08584600429574954,-1.119045435799848,0.015436846713166804,0.3419025612304127
3391,44,738,470.9318574712719,4102.798680980681,278.4112143194352,3898.247540754817,54.0,0.08630086574955662,-1.138309747727922,0.08584600429574954,-1.1371409639495353,0.015436846713166804,0.3330519715652551
3392,38,738,292.2609771757026,3909.816818957042,278.4112143194352,3898.247540754817,54.0,0.08630086574955662,-0.08071631545943067,0.08584600429574954,-0.0804698125391377,0.015436846713166804,0.0264285929121943
3393,63,738,316.49031405012005,3929.154743051912,278.4112143194352,3898.247540754817,54.0,0.08630086574955662,-0.1582478317661455,0.08584600429574954,-0.15733202212080388,0.015436846713166804,0.05951053107255736
3394,25,738,275.18212912654,3848.067080065535,278.4112143194352,3898.247540754817,54.0,0.08630086574955662,-0.19317415319783082,0.08584600429574954,-0.19385698317480238,0.015436846713166804,0.0603901620335061
3395,53,738,275.4374088407163,3843.51011953928,278.4112143194352,3898.247540754817,54.0,0.08630086574955662,-0.2198057623453902,0.08584600429574954,-0.22078813404243453,0.015436846713166804,0.06991649253282592
3396,38,739,292.2609771757026,3909.816818957042,315.6588536998603,3884.383887990511,54.0,0.08630086574955662,-0.1339291009390084,0.08584600429574954,-0.13431945161241968,0.015436846713166804,0.045792506097778504
3397,25,739,275.18212912654,3848.067080065535,315.6588536998603,3884.383887990511,54.0,0.08630086574955662,-0.20071635865774,0.08584600429574954,-0.20193538101171454,0.015436846713166804,0.06766073806838498
3398,53,739,275.4374088407163,3843.51011953928,315.6588536998603,3884.383887990511,54.0,0.08630086574955662,-0.22468394347351192,0.08584600429574954,-0.2262575787226845,0.015436846713166804,0.07637624354681566
3399,63,739,316.49031405012005,3929.154743051912,315.6588536998603,3884.383887990511,54.0,0.08630086574955662,-0.13496614857140402,0.08584600429574954,-0.1342534121611632,0.015436846713166804,0.0568423762712558
3400,44,739,482.2902751987267,4093.226876078621,315.6588536998603,3884.383887990511,54.0,0.08630086574955662,-1.1420966533759742,0.08584600429574954,-1.138478730832447,0.015436846713166804,0.3327270303368186
3401,38,740,292.2609771757026,3909.816818957042,296.21345872966407,3852.992610644512,54.0,0.08630086574955662,-0.2164741490984856,0.08584600429574954,-0.21686621636018116,0.015436846713166804,0.06750226091077098
3402,63,740,316.49031405012005,3929.154743051912,296.21345872966407,3852.992610644512,54.0,0.08630086574955662,-0.2564782571802927,0.08584600429574954,-0.2564599179831189,0.015436846713166804,0.09675817789164745
3403,25,740,277.1886017127139,3843.911551720602,296.21345872966407,3852.992610644512,54.0,0.08630086574955662,-0.08973877560214676,0.08584600429574954,-0.09079700793358991,0.015436846713166804,0.032993580736608075
3404,53,740,275.4374088407163,3843.51011953928,296.21345872966407,3852.992610644512,54.0,0.08630086574955662,-0.11488044411356862,0.08584600429574954,-0.11625022775267296,0.015436846713166804,0.04229114318319818
3405,18,740,126.52937545907687,3669.1679992851136,296.21345872966407,3852.992610644512,54.0,0.08630086574955662,-1.0435106727117742,0.08584600429574954,-1.0380948140652542,0.015436846713166804,0.4003107472070134
3406,18,741,126.52937545907687,3669.1679992851136,314.258204840562,3850.878766542768,54.0,0.08630086574955662,-1.0661861692694885,0.08584600429574954,-1.059392585618063,0.015436846713166804,0.4276675023636069
3407,53,741,275.4374088407163,3843.51011953928,314.258204840562,3850.878766542768,54.0,0.08630086574955662,-0.17979779112865626,0.08584600429574954,-0.18177498289119512,0.015436846713166804,0.06506305146189534
3408,38,741,292.2609771757026,3909.816818957042,314.258204840562,3850.878766542768,54.0,0.08630086574955662,-0.26118699248436733,0.08584600429574954,-0.26204978784269284,0.015436846713166804,0.08179682655899712
3409,25,741,278.7601371768536,3840.6549618706185,314.258204840562,3850.878766542768,54.0,0.08630086574955662,-0.1563832012407657,0.08584600429574954,-0.15806612564890912,0.015436846713166804,0.05670611753479193
3410,53,742,275.4374088407163,3843.51011953928,301.5535634179998,3839.126306448653,54.0,0.08630086574955662,-0.13053072929142015,0.08584600429574954,-0.13238105216408372,0.015436846713166804,0.04914900605513927
3411,63,742,316.49031405012005,3929.154743051912,301.5535634179998,3839.126306448653,54.0,0.08630086574955662,-0.32866826137528404,0.08584600429574954,-0.32904193260118514,0.015436846713166804,0.11900730475471703
3412,38,742,292.2609771757026,3909.816818957042,301.5535634179998,3839.126306448653,54.0,0.08630086574955662,-0.27524168236005303,0.08584600429574954,-0.2759799986885179,0.015436846713166804,0.08799271240406627
3413,18,742,126.52937545907687,3669.1679992851136,301.5535634179998,3839.126306448653,54.0,0.08630086574955662,-0.9916274269794336,0.08584600429574954,-0.9844723770587093,0.015436846713166804,0.40110418065854964
3414,25,742,278.7601371768536,3840.6549618706185,301.5535634179998,3839.126306448653,54.0,0.08630086574955662,-0.10003936628450037,0.08584600429574954,-0.10144879665393347,0.015436846713166804,0.03764200263086256
3415,25,743,275.18212912654,3848.067080065535,309.4684575390872,3872.32704628831,54.0,0.08630086574955662,-0.15969852684497166,0.08584600429574954,-0.1605744233547987,0.015436846713166804,0.05337070183411395
3416,44,743,482.2902751987267,4093.226876078621,309.4684575390872,3872.32704628831,54.0,0.08630086574955662,-1.193805876870303,0.08584600429574954,-1.190692550805903,0.015436846713166804,0.35083743102956155
3417,63,743,316.49031405012005,3929.154743051912,309.4684575390872,3872.32704628831,54.0,0.08630086574955662,-0.1825105311315464,0.08584600429574954,-0.18215100781260815,0.015436846713166804,0.07217277836134332
3418,38,743,292.2609771757026,3909.816818957042,309.4684575390872,3872.32704628831,54.0,0.08630086574955662,-0.16656767921652657,0.08584600429574954,-0.16712394419123716,0.015436846713166804,0.05366871958772966
3419,53,743,275.4374088407163,3843.51011953928,309.4684575390872,3872.32704628831,54.0,0.08630086574955662,-0.1840620596057847,0.08584600429574954,-0.18533512931591972,0.015436846713166804,0.06247659514508923
3420,25,744,275.18212912654,3848.067080065535,271.0794516397593,3873.021199386558,54.0,0.08630086574955662,-0.01880407225513295,0.08584600429574954,-0.015889201913644558,0.015436846713166804,0.012766994020568023
3421,27,745,413.6607163277177,4126.933692479007,418.3279091794528,4088.79789404924,54.0,0.08630086574955662,-0.18623901018086755,0.08584600429574954,-0.1852764488160603,0.015436846713166804,0.04231732915640074
3422,45,745,517.3116391169647,4113.7490927459785,418.3279091794528,4088.79789404924,54.0,0.08630086574955662,-0.3504527876522907,0.08584600429574954,-0.3479436892868163,0.015436846713166804,0.10567463620673617
3423,43,745,630.0947010611478,4141.259609929846,418.3279091794528,4088.79789404924,54.0,0.08630086574955662,-0.8262587401959893,0.08584600429574954,-0.8222497953814317,0.015436846713166804,0.2689137937927556
3424,41,745,461.8106926932424,4070.996636995212,418.3279091794528,4088.79789404924,54.0,0.08630086574955662,-0.18596287031720218,0.08584600429574954,-0.18655840747226432,0.015436846713166804,0.04862027481096654
3425,47,745,497.40279712570856,4039.075701869608,418.3279091794528,4088.79789404924,54.0,0.08630086574955662,-0.3733424653814431,0.08584600429574954,-0.37271651161640756,0.015436846713166804,0.10112642938861839
3426,60,745,462.2337953932308,4065.780960132662,418.3279091794528,4088.79789404924,54.0,0.08630086574955662,-0.19675479858768213,0.08584600429574954,-0.19719417972947229,0.015436846713166804,0.05205921650678118
3427,42,745,481.4936938530769,4095.225387665601,418.3279091794528,4088.79789404924,54.0,0.08630086574955662,-0.2690142566765069,0.08584600429574954,-0.2687953531242882,0.015436846713166804,0.06459787069070747
3428,61,745,463.203498736656,4062.892527800171,418.3279091794528,4088.79789404924,54.0,0.08630086574955662,-0.20509784532703956,0.08584600429574954,-0.2054248823108814,0.015436846713166804,0.05447756823091479
3429,39,745,491.6009153175041,3965.873607703836,418.3279091794528,4088.79789404924,54.0,0.08630086574955662,-0.34998074633792386,0.08584600429574954,-0.3433539458188334,0.015436846713166804,0.14661443632615107
3430,44,745,470.9318574712719,4102.798680980681,418.3279091794528,4088.79789404924,54.0,0.08630086574955662,-0.17853146848579438,0.08584600429574954,-0.17817215202745998,0.015436846713166804,0.05064082794443209
3431,23,745,485.3312407692456,4298.036308618457,418.3279091794528,4088.79789404924,54.0,0.08630086574955662,-0.5454862130925578,0.08584600429574954,-0.5301597678465911,0.015436846713166804,0.2202944551887403
3432,31,746,286.22286085268047,4096.016113555928,393.5062405176661,4094.4322381805127,54.0,0.08630086574955662,-0.4568340022898433,0.08584600429574954,-0.4555917437145382,0.015436846713166804,0.13158336289427208
3433,27,746,413.6607163277177,4126.933692479007,393.5062405176661,4094.4322381805127,54.0,0.08630086574955662,-0.19989220243962713,0.08584600429574954,-0.19953309613904027,0.015436846713166804,0.04477447496344285
3434,60,746,462.2337953932308,4065.780960132662,393.5062405176661,4094.4322381805127,54.0,0.08630086574955662,-0.3128128950681305,0.08584600429574954,-0.3131298835714471,0.015436846713166804,0.07884459373533097
3435,45,746,517.3116391169647,4113.7490927459785,393.5062405176661,4094.4322381805127,54.0,0.08630086574955662,-0.38753032274157284,0.08584600429574954,-0.3826220094888428,0.015436846713166804,0.1246291907987631
3436,44,746,470.9318574712719,4102.798680980681,393.5062405176661,4094.4322381805127,54.0,0.08630086574955662,-0.25082568840674574,0.08584600429574954,-0.24961189978337558,0.015436846713166804,0.07208656740636528
3437,41,746,461.8106926932424,4070.996636995212,393.5062405176661,4094.4322381805127,54.0,0.08630086574955662,-0.30489203032345286,0.08584600429574954,-0.3055460527341506,0.015436846713166804,0.07584043086157163
3438,61,747,463.203498736656,4062.892527800171,400.3313909243413,4047.66133186713,54.0,0.08630086574955662,-0.22059340018892126,0.08584600429574954,-0.22039136474464124,0.015436846713166804,0.07065708406722125
3439,60,747,462.2337953932308,4065.780960132662,400.3313909243413,4047.66133186713,54.0,0.08630086574955662,-0.21800032540685008,0.08584600429574954,-0.21777080054520925,0.015436846713166804,0.07027961936963731
3440,44,747,470.9318574712719,4102.798680980681,400.3313909243413,4047.66133186713,54.0,0.08630086574955662,-0.2899213550519569,0.08584600429574954,-0.28929013973115464,0.015436846713166804,0.09135843323172226
3441,47,747,497.40279712570856,4039.075701869608,400.3313909243413,4047.66133186713,54.0,0.08630086574955662,-0.2499035168868099,0.08584600429574954,-0.24758652167604778,0.015436846713166804,0.10443173092879235
3442,42,747,481.4936938530769,4095.225387665601,400.3313909243413,4047.66133186713,54.0,0.08630086574955662,-0.34799051475996456,0.08584600429574954,-0.346812224067921,0.015436846713166804,0.09890901265711868
3443,39,747,491.6009153175041,3965.873607703836,400.3313909243413,4047.66133186713,54.0,0.08630086574955662,-0.32507899959633085,0.08584600429574954,-0.322972641365842,0.015436846713166804,0.14012478959188018
3444,31,747,286.22286085268047,4096.016113555928,400.3313909243413,4047.66133186713,54.0,0.08630086574955662,-0.3683459317541033,0.08584600429574954,-0.363249450232074,0.015436846713166804,0.14317109890254606
3445,23,747,485.3312407692456,4298.036308618457,400.3313909243413,4047.66133186713,54.0,0.08630086574955662,-0.7335407129020375,0.08584600429574954,-0.7181701559088842,0.015436846713166804,0.2716102364782855
3446,38,747,292.2609771757026,3909.816818957042,400.3313909243413,4047.66133186713,54.0,0.08630086574955662,-0.6890858280315506,0.08584600429574954,-0.685670734617491,0.015436846713166804,0.21482059264001102
3447,27,747,413.6607163277177,4126.933692479007,400.3313909243413,4047.66133186713,54.0,0.08630086574955662,-0.3227562449073678,0.08584600429574954,-0.32153674349710765,0.015436846713166804,0.08706885434366647
3448,41,747,461.8106926932424,4070.996636995212,400.3313909243413,4047.66133186713,54.0,0.08630086574955662,-0.21950746253612222,0.08584600429574954,-0.219225729601026,0.015436846713166804,0.07108139783133882
3449,44,748,470.9318574712719,4102.798680980681,375.7370348868046,4027.7319162946624,54.0,0.08630086574955662,-0.356510210789265,0.08584600429574954,-0.35279608906675347,0.015436846713166804,0.12587021211198193
3450,61,748,463.203498736656,4062.892527800171,375.7370348868046,4027.7319162946624,54.0,0.08630086574955662,-0.28322711636316583,0.08584600429574954,-0.2802895323821051,0.015436846713166804,0.10363572248260697
3451,31,748,286.22286085268047,4096.016113555928,375.7370348868046,4027.7319162946624,54.0,0.08630086574955662,-0.3374052889926549,0.08584600429574954,-0.3313456600901327,0.015436846713166804,0.12740489863475288
3452,60,748,462.2337953932308,4065.780960132662,375.7370348868046,4027.7319162946624,54.0,0.08630086574955662,-0.2921904779933506,0.08584600429574954,-0.2897126536382713,0.015436846713166804,0.1045079579441594
3453,39,748,491.6009153175041,3965.873607703836,375.7370348868046,4027.7319162946624,54.0,0.08630086574955662,-0.4167473345957178,0.08584600429574954,-0.41286871454061375,0.015436846713166804,0.16099845707673469
3454,42,748,481.4936938530769,4095.225387665601,375.7370348868046,4027.7319162946624,54.0,0.08630086574955662,-0.42052017226804095,0.08584600429574954,-0.41655434806339753,0.015436846713166804,0.13387963300637723
3455,41,748,461.8106926932424,4070.996636995212,375.7370348868046,4027.7319162946624,54.0,0.08630086574955662,-0.2959578257641059,0.08584600429574954,-0.293405185645054,0.015436846713166804,0.10587599880293308
3456,44,749,473.7692249387097,4100.459742736739,426.0873277925459,4044.716857998372,54.0,0.08630086574955662,-0.2560833812318201,0.08584600429574954,-0.25428802183001326,0.015436846713166804,0.07325001782109657
3457,38,749,292.2609771757026,3909.816818957042,426.0873277925459,4044.716857998372,54.0,0.08630086574955662,-0.8332951397558708,0.08584600429574954,-0.8328050883182179,0.015436846713166804,0.24151052628273506
3458,60,749,462.2337953932308,4065.780960132662,426.0873277925459,4044.716857998372,54.0,0.08630086574955662,-0.1378576998941065,0.08584600429574954,-0.13663628894571456,0.015436846713166804,0.04372002803408388
3459,61,749,463.203498736656,4062.892527800171,426.0873277925459,4044.716857998372,54.0,0.08630086574955662,-0.13385152993067817,0.08584600429574954,-0.1324669066912113,0.015436846713166804,0.043062237224652876
3460,36,749,587.79522063936,3965.30735379632,426.0873277925459,4044.716857998372,54.0,0.08630086574955662,-0.6168061737578567,0.08584600429574954,-0.6099662585643582,0.015436846713166804,0.2320321172205212
3461,48,749,542.8497150079456,3957.433060143872,426.0873277925459,4044.716857998372,54.0,0.08630086574955662,-0.376234599031042,0.08584600429574954,-0.3674729685288149,0.015436846713166804,0.1713638682752018
3462,45,749,517.3116391169647,4113.7490927459785,426.0873277925459,4044.716857998372,54.0,0.08630086574955662,-0.5661282310834719,0.08584600429574954,-0.5628720821271237,0.015436846713166804,0.12836456082714784
3463,31,749,286.22286085268047,4096.016113555928,426.0873277925459,4044.716857998372,54.0,0.08630086574955662,-0.45298728691220214,0.08584600429574954,-0.4486165804966692,0.015436846713166804,0.1728161830692249
3464,51,749,515.5112789978382,4127.169092421015,426.0873277925459,4044.716857998372,54.0,0.08630086574955662,-0.49285949471127505,0.08584600429574954,-0.48895292445897875,0.015436846713166804,0.1317707194032051
3465,54,749,562.1256537151418,3993.041990758743,426.0873277925459,4044.716857998372,54.0,0.08630086574955662,-0.4703483435842506,0.08584600429574954,-0.466250068313925,0.015436846713166804,0.17820951701457954
3466,41,749,461.8106926932424,4070.996636995212,426.0873277925459,4044.716857998372,54.0,0.08630086574955662,-0.14805346800211158,0.08584600429574954,-0.14698656199963644,0.015436846713166804,0.04599825787461146
3467,23,749,485.3312407692456,4298.036308618457,426.0873277925459,4044.716857998372,54.0,0.08630086574955662,-0.5520394222606101,0.08584600429574954,-0.5364434635019429,0.015436846713166804,0.2376865118231269
3468,43,749,630.0947010611478,4141.259609929846,426.0873277925459,4044.716857998372,54.0,0.08630086574955662,-1.0800711276584642,0.08584600429574954,-1.0773016854205764,0.015436846713166804,0.30074255054614624
3469,47,749,497.40279712570856,4039.075701869608,426.0873277925459,4044.716857998372,54.0,0.08630086574955662,-0.1672527307414184,0.08584600429574954,-0.16449675600024782,0.015436846713166804,0.07395050863960566
3470,39,749,491.6009153175041,3965.873607703836,426.0873277925459,4044.716857998372,54.0,0.08630086574955662,-0.20733543948322825,0.08584600429574954,-0.20093695083137791,0.015436846713166804,0.10747141073916608
3471,27,749,413.6607163277177,4126.933692479007,426.0873277925459,4044.716857998372,54.0,0.08630086574955662,-0.3246900212805468,0.08584600429574954,-0.32300068662757775,0.015436846713166804,0.0891181050703904
3472,19,750,311.50845425664727,4115.619753095878,362.17199524503343,4082.865688514489,54.0,0.08630086574955662,-0.20436801246141362,0.08584600429574954,-0.20343206317317214,0.015436846713166804,0.0739430166957916
3473,41,750,461.8106926932424,4070.996636995212,362.17199524503343,4082.865688514489,54.0,0.08630086574955662,-0.44479516970941835,0.08584600429574954,-0.4450557723797355,0.015436846713166804,0.1124564448269846
3474,61,750,463.203498736656,4062.892527800171,362.17199524503343,4082.865688514489,54.0,0.08630086574955662,-0.41358794287615624,0.08584600429574954,-0.41357147036028774,0.015436846713166804,0.11685813806980098
3475,64,750,251.14156651564912,4194.6094429104505,362.17199524503343,4082.865688514489,54.0,0.08630086574955662,-0.49968756809863785,0.08584600429574954,-0.49538787204277696,0.015436846713166804,0.1992109532362424
3476,60,750,462.2337953932308,4065.780960132662,362.17199524503343,4082.865688514489,54.0,0.08630086574955662,-0.41908212889117624,0.08584600429574954,-0.41913029258577256,0.015436846713166804,0.11494714802361244
3477,66,750,493.8518825171933,3956.000689079267,362.17199524503343,4082.865688514489,54.0,0.08630086574955662,-0.5193707038740089,0.08584600429574954,-0.516209758819599,0.015436846713166804,0.21628438065091796
3478,31,750,286.22286085268047,4096.016113555928,362.17199524503343,4082.865688514489,54.0,0.08630086574955662,-0.3026421471476046,0.08584600429574954,-0.30103417917102604,0.015436846713166804,0.09383871150697731
3479,44,750,470.9318574712719,4102.798680980681,362.17199524503343,4082.865688514489,54.0,0.08630086574955662,-0.44051924061941966,0.08584600429574954,-0.4403473069310705,0.015436846713166804,0.11508327704905555
3480,47,750,497.40279712570856,4039.075701869608,362.17199524503343,4082.865688514489,54.0,0.08630086574955662,-0.489241920420143,0.08584600429574954,-0.48789031950145845,0.015436846713166804,0.15932095120688092
3481,65,750,465.43944178630807,4063.6597216274654,362.17199524503343,4082.865688514489,54.0,0.08630086574955662,-0.42574292660574226,0.08584600429574954,-0.4256776199652273,0.015436846713166804,0.11854730745395387
3482,65,751,465.43944178630807,4063.6597216274654,379.32967125049646,4082.7270292645976,54.0,0.08630086574955662,-0.3613235441671899,0.08584600429574954,-0.36125969051077567,0.015436846713166804,0.09597739872021567
3483,19,751,316.4731036835704,4123.280697965635,379.32967125049646,4082.7270292645976,54.0,0.08630086574955662,-0.281316240807338,0.08584600429574954,-0.2809091487159006,0.015436846713166804,0.09256902126422238
3484,19,752,320.3250861675983,4129.08078728429,396.279303214471,4080.2510948158647,54.0,0.08630086574955662,-0.3727813069736796,0.08584600429574954,-0.372870158376479,0.015436846713166804,0.1116637636020025
3485,61,752,463.203498736656,4062.892527800171,396.279303214471,4080.2510948158647,54.0,0.08630086574955662,-0.26758865479641736,0.08584600429574954,-0.2672513002297325,0.015436846713166804,0.07386400130878384
3486,47,752,497.40279712570856,4039.075701869608,396.279303214471,4080.2510948158647,54.0,0.08630086574955662,-0.3907630682422795,0.08584600429574954,-0.3898003139811355,0.015436846713166804,0.11804746890092005
3487,66,752,493.8518825171933,3956.000689079267,396.279303214471,4080.2510948158647,54.0,0.08630086574955662,-0.39347922884886266,0.08584600429574954,-0.3882273396031469,0.015436846713166804,0.17368065352789028
3488,45,752,517.3116391169647,4113.7490927459785,396.279303214471,4080.2510948158647,54.0,0.08630086574955662,-0.472489920769654,0.08584600429574954,-0.4702069616669702,0.015436846713166804,0.13204061391337574
3489,44,752,470.9318574712719,4102.798680980681,396.279303214471,4080.2510948158647,54.0,0.08630086574955662,-0.290246617531475,0.08584600429574954,-0.289938273979521,0.015436846713166804,0.07604730368468524
3490,27,752,413.6607163277177,4126.933692479007,396.279303214471,4080.2510948158647,54.0,0.08630086574955662,-0.24611501770510422,0.08584600429574954,-0.24532461842913234,0.015436846713166804,0.0557056483557372
3491,65,752,465.43944178630807,4063.6597216274654,396.279303214471,4080.2510948158647,54.0,0.08630086574955662,-0.27764551266378046,0.08584600429574954,-0.2772564260723365,0.015436846713166804,0.07545277819537426
3492,60,752,462.2337953932308,4065.780960132662,396.279303214471,4080.2510948158647,54.0,0.08630086574955662,-0.26792141885304904,0.08584600429574954,-0.26763719866647123,0.015436846713166804,0.07196790996516726
3493,31,752,286.22286085268047,4096.016113555928,396.279303214471,4080.2510948158647,54.0,0.08630086574955662,-0.47628216706313486,0.08584600429574954,-0.4750835509110528,0.015436846713166804,0.1362296083058876
3494,39,752,491.6009153175041,3965.873607703836,396.279303214471,4080.2510948158647,54.0,0.08630086574955662,-0.3497462070722006,0.08584600429574954,-0.3431578006592016,0.015436846713166804,0.15877092323163636
3495,41,752,461.8106926932424,4070.996636995212,396.279303214471,4080.2510948158647,54.0,0.08630086574955662,-0.27225399423739793,0.08584600429574954,-0.27228899223037545,0.015436846713166804,0.06969601995569906
3496,22,752,296.8698192329844,4149.379871130487,396.279303214471,4080.2510948158647,54.0,0.08630086574955662,-0.43241828887041656,0.08584600429574954,-0.43014883374390334,0.015436846713166804,0.14529235990864744
3497,47,753,497.40279712570856,4039.075701869608,412.8630024415256,4079.543733428927,54.0,0.08630086574955662,-0.35241218214751246,0.08584600429574954,-0.35143991818799214,0.015436846713166804,0.1011092089185912
3498,19,753,324.8153272931308,4135.979057138678,412.8630024415256,4079.543733428927,54.0,0.08630086574955662,-0.43277705025996865,0.08584600429574954,-0.4324255982177997,0.015436846713166804,0.12387174850379501
3499,39,753,491.6009153175041,3965.873607703836,412.8630024415256,4079.543733428927,54.0,0.08630086574955662,-0.3072102574904169,0.08584600429574954,-0.2994082671183601,0.015436846713166804,0.1426055729003057
3500,16,753,510.22088537403255,4246.5421852479,412.8630024415256,4079.543733428927,54.0,0.08630086574955662,-0.42664538558108,0.08584600429574954,-0.4152892824027738,0.015436846713166804,0.1716834732125919
3501,60,753,462.2337953932308,4065.780960132662,412.8630024415256,4079.543733428927,54.0,0.08630086574955662,-0.20226877310930233,0.08584600429574954,-0.20212720094486925,0.015436846713166804,0.054311373506486633
3502,66,753,493.8518825171933,3956.000689079267,412.8630024415256,4079.543733428927,54.0,0.08630086574955662,-0.3423429237399899,0.08584600429574954,-0.3351702252762717,0.015436846713166804,0.1565835658365627
3503,45,753,517.3116391169647,4113.7490927459785,412.8630024415256,4079.543733428927,54.0,0.08630086574955662,-0.4242884728390101,0.08584600429574954,-0.4222995738113875,0.015436846713166804,0.1183242098555594
3504,43,753,630.0947010611478,4141.259609929846,412.8630024415256,4079.543733428927,54.0,0.08630086574955662,-0.9582630336917045,0.08584600429574954,-0.9548448808399606,0.015436846713166804,0.28381870211898413
3505,23,753,485.3312407692456,4298.036308618457,412.8630024415256,4079.543733428927,54.0,0.08630086574955662,-0.6161836085204264,0.08584600429574954,-0.6009575495081761,0.015436846713166804,0.23313466902662458
3506,31,753,286.22286085268047,4096.016113555928,412.8630024415256,4079.543733428927,54.0,0.08630086574955662,-0.5530873252529019,0.08584600429574954,-0.551911654742105,0.015436846713166804,0.15383770682336845
3507,61,753,463.203498736656,4062.892527800171,412.8630024415256,4079.543733428927,54.0,0.08630086574955662,-0.20878368946769205,0.08584600429574954,-0.20852356361344881,0.015436846713166804,0.056254619039654355
3508,65,753,465.43944178630807,4063.6597216274654,412.8630024415256,4079.543733428927,54.0,0.08630086574955662,-0.2154331217972511,0.08584600429574954,-0.21515508541555112,0.015436846713166804,0.05771372450938997
3509,41,753,461.8106926932424,4070.996636995212,412.8630024415256,4079.543733428927,54.0,0.08630086574955662,-0.19697599825464843,0.08584600429574954,-0.19716796100777215,0.015436846713166804,0.05192514059023723
3510,44,753,470.9318574712719,4102.798680980681,412.8630024415256,4079.543733428927,54.0,0.08630086574955662,-0.22363883977294247,0.08584600429574954,-0.22340819610978874,0.015436846713166804,0.060174967624110044
3511,22,753,301.6304881357929,4156.037775497009,412.8630024415256,4079.543733428927,54.0,0.08630086574955662,-0.5194118645673188,0.08584600429574954,-0.5174785588470601,0.015436846713166804,0.15890645840749565
3512,27,753,413.6607163277177,4126.933692479007,412.8630024415256,4079.543733428927,54.0,0.08630086574955662,-0.22550242020573158,0.08584600429574954,-0.2245134948104488,0.015436846713166804,0.051446837500501046
3513,41,754,461.8106926932424,4070.996636995212,390.0869155343114,4063.230642872049,54.0,0.08630086574955662,-0.2285645630530996,0.08584600429574954,-0.2277124449280607,0.015436846713166804,0.0781819739256429
3514,31,754,286.22286085268047,4096.016113555928,390.0869155343114,4063.230642872049,54.0,0.08630086574955662,-0.3549420200062826,0.08584600429574954,-0.3513238466271014,0.015436846713166804,0.12825894177777883
3515,44,754,470.9318574712719,4102.798680980681,390.0869155343114,4063.230642872049,54.0,0.08630086574955662,-0.2987412774952976,0.08584600429574954,-0.2979795861116445,0.015436846713166804,0.09125114243556874
3516,19,754,310.5905313289105,4114.308200094231,390.0869155343114,4063.230642872049,54.0,0.08630086574955662,-0.31548826229115345,0.08584600429574954,-0.3135137290146092,0.015436846713166804,0.11589383558287136
3517,65,754,465.43944178630807,4063.6597216274654,390.0869155343114,4063.230642872049,54.0,0.08630086574955662,-0.2421766162399806,0.08584600429574954,-0.24122690145962272,0.015436846713166804,0.08146772487838355
3518,22,754,286.68380691953433,4135.199550032316,390.0869155343114,4063.230642872049,54.0,0.08630086574955662,-0.38769227252911276,0.08584600429574954,-0.38324908038409156,0.015436846713166804,0.15173364403844747
3519,27,754,413.6607163277177,4126.933692479007,390.0869155343114,4063.230642872049,54.0,0.08630086574955662,-0.30627002492014616,0.08584600429574954,-0.30509352655822036,0.015436846713166804,0.0768059270141401
3520,66,754,493.8518825171933,3956.000689079267,390.0869155343114,4063.230642872049,54.0,0.08630086574955662,-0.4042155598853452,0.08584600429574954,-0.40216903561100475,0.015436846713166804,0.17367012159261053
3521,19,755,315.46311861654766,4121.748685168132,409.2580805256216,4061.619137215324,54.0,0.08630086574955662,-0.40539280221107615,0.08584600429574954,-0.40446091955190827,0.015436846713166804,0.13460129985188968
3522,47,755,497.40279712570856,4039.075701869608,409.2580805256216,4061.619137215324,54.0,0.08630086574955662,-0.2746640676489357,0.08584600429574954,-0.2738692939106931,0.015436846713166804,0.09769379646666629
3523,27,755,413.6607163277177,4126.933692479007,409.2580805256216,4061.619137215324,54.0,0.08630086574955662,-0.28089537229149336,0.08584600429574954,-0.27975590138860573,0.015436846713166804,0.0706790056804351
3524,23,755,485.3312407692456,4298.036308618457,409.2580805256216,4061.619137215324,54.0,0.08630086574955662,-0.6512057067405794,0.08584600429574954,-0.6356975314930579,0.015436846713166804,0.25097110109766746
3525,65,755,465.43944178630807,4063.6597216274654,409.2580805256216,4061.619137215324,54.0,0.08630086574955662,-0.19308410397571185,0.08584600429574954,-0.19261740291883964,0.015436846713166804,0.05994322512554353
3526,16,755,510.22088537403255,4246.5421852479,409.2580805256216,4061.619137215324,54.0,0.08630086574955662,-0.466910680869836,0.08584600429574954,-0.4554887272191933,0.015436846713166804,0.18799192025472244
3527,61,755,463.203498736656,4062.892527800171,409.2580805256216,4061.619137215324,54.0,0.08630086574955662,-0.18521255843036383,0.08584600429574954,-0.1848060703725697,0.015436846713166804,0.05806278463160022
3528,41,755,461.8106926932424,4070.996636995212,409.2580805256216,4061.619137215324,54.0,0.08630086574955662,-0.18071921778208572,0.08584600429574954,-0.18034970015937668,0.015436846713166804,0.05702490967127247
3529,45,755,517.3116391169647,4113.7490927459785,409.2580805256216,4061.619137215324,54.0,0.08630086574955662,-0.5069088906077046,0.08584600429574954,-0.5046047347416422,0.015436846713166804,0.13191942478699584
3530,60,755,462.2337953932308,4065.780960132662,409.2580805256216,4061.619137215324,54.0,0.08630086574955662,-0.18159986402550307,0.08584600429574954,-0.18122008898848826,0.015436846713166804,0.05718713365843055
3531,39,755,491.6009153175041,3965.873607703836,409.2580805256216,4061.619137215324,54.0,0.08630086574955662,-0.2796658574931267,0.08584600429574954,-0.27361985533247185,0.015436846713166804,0.1348791417427451
3532,66,755,493.8518825171933,3956.000689079267,409.2580805256216,4061.619137215324,54.0,0.08630086574955662,-0.32143553983567924,0.08584600429574954,-0.31657922092775226,0.015436846713166804,0.14942394406568177
3533,22,755,292.19589409194833,4142.944166687175,409.2580805256216,4061.619137215324,54.0,0.08630086574955662,-0.4789552645425834,0.08584600429574954,-0.47579234226867206,0.015436846713166804,0.17048743004743105
3534,31,755,286.22286085268047,4096.016113555928,409.2580805256216,4061.619137215324,54.0,0.08630086574955662,-0.42601269491262306,0.08584600429574954,-0.42242977509783475,0.015436846713166804,0.15137634667948188
3535,44,755,470.9318574712719,4102.798680980681,409.2580805256216,4061.619137215324,54.0,0.08630086574955662,-0.24364606962639115,0.08584600429574954,-0.24324464016076439,0.015436846713166804,0.07401270044579397
3536,19,756,322.43464083499214,4132.36602879609,426.6160858045599,4065.7017923821263,54.0,0.08630086574955662,-0.48922529677573406,0.08584600429574954,-0.48886465333764967,0.015436846713166804,0.14587146723357272
3537,47,756,497.40279712570856,4039.075701869608,426.6160858045599,4065.7017923821263,54.0,0.08630086574955662,-0.2667836300840431,0.08584600429574954,-0.265972329669918,0.015436846713166804,0.08190212661583283
3538,16,756,510.22088537403255,4246.5421852479,426.6160858045599,4065.7017923821263,54.0,0.08630086574955662,-0.4185134075607655,0.08584600429574954,-0.40755077166591835,0.015436846713166804,0.17050085462544268
3539,36,756,587.79522063936,3965.30735379632,426.6160858045599,4065.7017923821263,54.0,0.08630086574955662,-0.7415860652326965,0.08584600429574954,-0.7386485500892936,0.015436846713166804,0.2499347884274463
3540,41,756,461.8106926932424,4070.996636995212,426.6160858045599,4065.7017923821263,54.0,0.08630086574955662,-0.1325510853350722,0.08584600429574954,-0.13233363160619807,0.015436846713166804,0.03784356701949922
3541,65,756,465.43944178630807,4063.6597216274654,426.6160858045599,4065.7017923821263,54.0,0.08630086574955662,-0.14647178142799572,0.08584600429574954,-0.14615299998184786,0.015436846713166804,0.041274416875529574
3542,39,756,491.6009153175041,3965.873607703836,426.6160858045599,4065.7017923821263,54.0,0.08630086574955662,-0.2503908249554251,0.08584600429574954,-0.24314720235780826,0.015436846713166804,0.12186427732396658
3543,61,756,463.203498736656,4062.892527800171,426.6160858045599,4065.7017923821263,54.0,0.08630086574955662,-0.13964283509799788,0.08584600429574954,-0.13938310462116227,0.015436846713166804,0.03965607949766671
3544,60,756,462.2337953932308,4065.780960132662,426.6160858045599,4065.7017923821263,54.0,0.08630086574955662,-0.13507741088245437,0.08584600429574954,-0.13484653956374862,0.015436846713166804,0.038500622821590544
3545,54,756,562.1256537151418,3993.041990758743,426.6160858045599,4065.7017923821263,54.0,0.08630086574955662,-0.598894203125964,0.08584600429574954,-0.5974080107308505,0.015436846713166804,0.19415685038202501
3546,23,756,485.3312407692456,4298.036308618457,426.6160858045599,4065.7017923821263,54.0,0.08630086574955662,-0.5203607080609663,0.08584600429574954,-0.505598621273518,0.015436846713166804,0.22421042334796382
3547,27,756,413.6607163277177,4126.933692479007,426.6160858045599,4065.7017923821263,54.0,0.08630086574955662,-0.2821522586949567,0.08584600429574954,-0.28114964598346487,0.015436846713166804,0.06744472677931751
3548,66,756,493.8518825171933,3956.000689079267,426.6160858045599,4065.7017923821263,54.0,0.08630086574955662,-0.28368282449605464,0.08584600429574954,-0.2767068466794555,0.015436846713166804,0.13544688991862644
3549,44,756,470.9318574712719,4102.798680980681,426.6160858045599,4065.7017923821263,54.0,0.08630086574955662,-0.20299771430810507,0.08584600429574954,-0.20245492528342204,0.015436846713166804,0.05644005668040731
3550,43,756,630.0947010611478,4141.259609929846,426.6160858045599,4065.7017923821263,54.0,0.08630086574955662,-1.0410670799012132,0.08584600429574954,-1.038303988563281,0.015436846713166804,0.28620413345267587
3551,45,756,517.3116391169647,4113.7490927459785,426.6160858045599,4065.7017923821263,54.0,0.08630086574955662,-0.47774109638489415,0.08584600429574954,-0.4753528232207023,0.015436846713166804,0.11405154032034812
3552,41,757,461.8106926932424,4070.996636995212,376.0794496043232,4045.9459437511223,54.0,0.08630086574955662,-0.2666647127292787,0.08584600429574954,-0.26432345242982563,0.015436846713166804,0.0967850048500418
3553,66,757,493.8518825171933,3956.000689079267,376.0794496043232,4045.9459437511223,54.0,0.08630086574955662,-0.41807644516608566,0.08584600429574954,-0.41314728775329107,0.015436846713166804,0.17651603236957863
3554,19,757,309.4846467710166,4112.556925703692,376.0794496043232,4045.9459437511223,54.0,0.08630086574955662,-0.2513777566638466,0.08584600429574954,-0.2476788773127444,0.015436846713166804,0.10990021304704747
3555,61,757,463.203498736656,4062.892527800171,376.0794496043232,4045.9459437511223,54.0,0.08630086574955662,-0.26404875032764036,0.08584600429574954,-0.2612764216576515,0.015436846713166804,0.09579474006222825
3556,44,757,470.9318574712719,4102.798680980681,376.0794496043232,4045.9459437511223,54.0,0.08630086574955662,-0.3321449407207525,0.08584600429574954,-0.33020691770069344,0.015436846713166804,0.11505830992259257
3557,63,757,316.49031405012005,3929.154743051912,376.0794496043232,4045.9459437511223,54.0,0.08630086574955662,-0.5115918525339889,0.08584600429574954,-0.50797291620889,0.015436846713166804,0.1606911718038614
3558,65,757,465.43944178630807,4063.6597216274654,376.0794496043232,4045.9459437511223,54.0,0.08630086574955662,-0.2729828384955779,0.08584600429574954,-0.2701762410333574,0.015436846713166804,0.0979500708551677
3559,38,757,292.2609771757026,3909.816818957042,376.0794496043232,4045.9459437511223,54.0,0.08630086574955662,-0.5701021860267734,0.08584600429574954,-0.567078280887257,0.015436846713166804,0.19025141162943207
3560,39,757,491.6009153175041,3965.873607703836,376.0794496043232,4045.9459437511223,54.0,0.08630086574955662,-0.37441697533147894,0.08584600429574954,-0.36935649135447723,0.015436846713166804,0.16265100817953837
3561,47,757,497.40279712570856,4039.075701869608,376.0794496043232,4045.9459437511223,54.0,0.08630086574955662,-0.299267839973431,0.08584600429574954,-0.29455117080954973,0.015436846713166804,0.13043889019037358
3562,22,757,282.91308227706304,4129.966613278081,376.0794496043232,4045.9459437511223,54.0,0.08630086574955662,-0.29792813378950017,0.08584600429574954,-0.29111124918547093,0.015436846713166804,0.1360136400705851
3563,60,757,462.2337953932308,4065.780960132662,376.0794496043232,4045.9459437511223,54.0,0.08630086574955662,-0.26337953447186535,0.08584600429574954,-0.2608195672720476,0.015436846713166804,0.09572425633253681
3564,31,757,286.22286085268047,4096.016113555928,376.0794496043232,4045.9459437511223,54.0,0.08630086574955662,-0.3045356208983871,0.08584600429574954,-0.2998883838808517,0.015436846713166804,0.1170836072925974
3565,41,758,461.8106926932424,4070.996636995212,398.3143118189128,4046.608749255166,54.0,0.08630086574955662,-0.22512240113143603,0.08584600429574954,-0.22468718030569523,0.015436846713166804,0.07364209587723786
3566,19,758,309.4846467710166,4112.556925703692,398.3143118189128,4046.608749255166,54.0,0.08630086574955662,-0.32325859380350586,0.08584600429574954,-0.3194777975770046,0.015436846713166804,0.13204244743671864
3567,31,758,286.22286085268047,4096.016113555928,398.3143118189128,4046.608749255166,54.0,0.08630086574955662,-0.3612227571564557,0.08584600429574954,-0.3559349969653708,0.015436846713166804,0.14104406324443258
3568,23,758,485.3312407692456,4298.036308618457,398.3143118189128,4046.608749255166,54.0,0.08630086574955662,-0.7473817090296485,0.08584600429574954,-0.7316238334786743,0.015436846713166804,0.2742695014338393
3569,44,758,470.9318574712719,4102.798680980681,398.3143118189128,4046.608749255166,54.0,0.08630086574955662,-0.29415331180837767,0.08584600429574954,-0.29330607763249034,0.015436846713166804,0.09374044825397178
3570,22,758,282.91308227706304,4129.966613278081,398.3143118189128,4046.608749255166,54.0,0.08630086574955662,-0.3717131875760287,0.08584600429574954,-0.364731601529247,0.015436846713166804,0.1607296124193001
3571,39,759,491.6009153175041,3965.873607703836,417.2204341967305,4045.130344334564,54.0,0.08630086574955662,-0.2484364886906822,0.08584600429574954,-0.24372162135345596,0.015436846713166804,0.11833079242008349
3572,66,759,493.8518825171933,3956.000689079267,417.2204341967305,4045.130344334564,54.0,0.08630086574955662,-0.2886991101412554,0.08584600429574954,-0.28509523741350007,0.015436846713166804,0.13256184850628425
3573,65,759,465.43944178630807,4063.6597216274654,417.2204341967305,4045.130344334564,54.0,0.08630086574955662,-0.17979989033097388,0.08584600429574954,-0.17916974015723186,0.015436846713166804,0.055240479999334006
3574,44,759,470.9318574712719,4102.798680980681,417.2204341967305,4045.130344334564,54.0,0.08630086574955662,-0.2716819784544784,0.08584600429574954,-0.27087762904491575,0.015436846713166804,0.07992128381116195
3575,19,759,310.131466935951,4113.6524578706285,417.2204341967305,4045.130344334564,54.0,0.08630086574955662,-0.4029854435549572,0.08584600429574954,-0.4004997346092875,0.015436846713166804,0.15315888052874363
3576,62,759,438.3970135664206,3912.290557700556,417.2204341967305,4045.130344334564,54.0,0.08630086574955662,-0.5267053761390352,0.08584600429574954,-0.5229822618263285,0.015436846713166804,0.18162613794978652
3577,22,759,286.8666636314602,4135.416963632954,417.2204341967305,4045.130344334564,54.0,0.08630086574955662,-0.4803103219714637,0.08584600429574954,-0.47553853771714055,0.015436846713166804,0.18922865392852375
3578,36,759,587.79522063936,3965.30735379632,417.2204341967305,4045.130344334564,54.0,0.08630086574955662,-0.6384471660373084,0.08584600429574954,-0.6309437351301996,0.015436846713166804,0.24149192690088514
3579,31,759,286.22286085268047,4096.016113555928,417.2204341967305,4045.130344334564,54.0,0.08630086574955662,-0.42790548821461477,0.08584600429574954,-0.4235659363025921,0.015436846713166804,0.16344969565133785
3580,23,759,485.3312407692456,4298.036308618457,417.2204341967305,4045.130344334564,54.0,0.08630086574955662,-0.5984249083932465,0.08584600429574954,-0.5836002990723757,0.015436846713166804,0.255184067531647
3581,45,759,517.3116391169647,4113.7490927459785,417.2204341967305,4045.130344334564,54.0,0.08630086574955662,-0.5844122722100223,0.08584600429574954,-0.5821062902633817,0.015436846713166804,0.13692461248535703
3582,38,759,292.2609771757026,3909.816818957042,417.2204341967305,4045.130344334564,54.0,0.08630086574955662,-0.8084768336140393,0.08584600429574954,-0.8079849504067009,0.015436846713166804,0.2340875307241731
3583,27,759,413.6607163277177,4126.933692479007,417.2204341967305,4045.130344334564,54.0,0.08630086574955662,-0.3268763609484282,0.08584600429574954,-0.32572526652026457,0.015436846713166804,0.088975177931368
3584,54,759,562.1256537151418,3993.041990758743,417.2204341967305,4045.130344334564,54.0,0.08630086574955662,-0.49107718815904233,0.08584600429574954,-0.4868431913163561,0.015436846713166804,0.18771585369356794
3585,60,759,462.2337953932308,4065.780960132662,417.2204341967305,4045.130344334564,54.0,0.08630086574955662,-0.17565285729452398,0.08584600429574954,-0.17530693654973709,0.015436846713166804,0.05377695794332096
3586,47,759,497.40279712570856,4039.075701869608,417.2204341967305,4045.130344334564,54.0,0.08630086574955662,-0.19441672916896108,0.08584600429574954,-0.19173972017100827,0.015436846713166804,0.08421061981912453
3587,41,759,461.8106926932424,4070.996636995212,417.2204341967305,4045.130344334564,54.0,0.08630086574955662,-0.18554793972782255,0.08584600429574954,-0.18543269880036012,0.015436846713166804,0.05576593790127368
3588,61,759,463.203498736656,4062.892527800171,417.2204341967305,4045.130344334564,54.0,0.08630086574955662,-0.171740723697763,0.08584600429574954,-0.17117922391274454,0.015436846713166804,0.05330589443786846
3589,44,760,470.9318574712719,4102.798680980681,383.6118848781027,4094.0408541803,54.0,0.08630086574955662,-0.30031513822533984,0.08584600429574954,-0.29911770983313957,0.015436846713166804,0.0837690064023027
3590,27,760,413.6607163277177,4126.933692479007,383.6118848781027,4094.0408541803,54.0,0.08630086574955662,-0.24300887751236708,0.08584600429574954,-0.2435595554558936,0.015436846713166804,0.05408178645838741
3591,31,760,286.22286085268047,4096.016113555928,383.6118848781027,4094.0408541803,54.0,0.08630086574955662,-0.40437982535117145,0.08584600429574954,-0.4029389092682757,0.015436846713166804,0.11985311070382362
3592,55,761,631.0597053851714,4679.977771773372,676.8632672784381,4706.037975065071,54.0,0.08630086574955662,-0.29550474489206824,0.08584600429574954,-0.2917324158109421,0.015436846713166804,0.09449608886627202
3593,50,762,-32.87294301735424,3776.17863145535,-92.0214114912519,3766.382293386853,54.0,0.08630086574955662,-0.16985785989842364,0.08584600429574954,-0.1654410415158816,0.015436846713166804,0.08130761724178062
3594,14,763,-191.2861040228232,3920.912450661129,-93.85219317436987,3755.7075478339193,54.0,0.08630086574955662,-0.28887222695430015,0.08584600429574954,-0.2638813841154442,0.015436846713166804,0.18602079812368663
3595,50,763,-32.87294301735424,3776.17863145535,-93.85219317436987,3755.7075478339193,54.0,0.08630086574955662,-0.1866961620959445,0.08584600429574954,-0.18226550632128777,0.015436846713166804,0.08799265235647553
3596,50,764,-32.87294301735424,3776.17863145535,-111.90305233878944,3768.4491518679,54.0,0.08630086574955662,-0.2055875834129597,0.08584600429574954,-0.19917484660436505,0.015436846713166804,0.10422800024607665
3597,14,764,-191.2861040228232,3920.912450661129,-111.90305233878944,3768.4491518679,54.0,0.08630086574955662,-0.2569734550985612,0.08584600429574954,-0.23459918869664947,0.015436846713166804,0.166093518199654
3598,50,765,-32.87294301735424,3776.17863145535,-127.89461504541896,3775.704322550012,54.0,0.08630086574955662,-0.15147422172386923,0.08584600429574954,-0.13727036649255847,0.015436846713166804,0.09525272773347167
3599,14,765,-191.8510249122208,3920.732064928668,-127.89461504541896,3775.704322550012,54.0,0.08630086574955662,-0.25046552274179873,0.08584600429574954,-0.23094016209492418,0.015436846713166804,0.15823060756567123
3600,14,766,-191.8510249122208,3920.732064928668,-130.25309186349332,3757.715778785631,54.0,0.08630086574955662,-0.30394008888984625,0.08584600429574954,-0.28331494948588676,0.015436846713166804,0.18370435371293903
3601,50,766,-32.87294301735424,3776.17863145535,-130.25309186349332,3757.715778785631,54.0,0.08630086574955662,-0.26030030000637805,0.08584600429574954,-0.253161650604015,0.015436846713166804,0.130725951116983
3602,14,767,-191.8510249122208,3920.732064928668,-141.06702293120463,3788.1607482074223,54.0,0.08630086574955662,-0.23388955375074752,0.08584600429574954,-0.21703201753086004,0.015436846713166804,0.14388437075261895
3603,50,767,-32.87294301735424,3776.17863145535,-141.06702293120463,3788.1607482074223,54.0,0.08630086574955662,-0.17578297507292215,0.08584600429574954,-0.15943650748483698,0.015436846713166804,0.11078444866872002
3604,14,768,-191.8510249122208,3920.732064928668,-155.24939862132854,3770.880467030972,54.0,0.08630086574955662,-0.2913866226693229,0.08584600429574954,-0.27572783365582254,0.015436846713166804,0.17130646414020748
3605,50,768,-32.87294301735424,3776.17863145535,-155.24939862132854,3770.880467030972,54.0,0.08630086574955662,-0.28839219706564334,0.08584600429574954,-0.2772287335710876,0.015436846713166804,0.15489793868677532
3606,14,769,-191.8510249122208,3920.732064928668,-164.4795078687612,3789.103286028052,54.0,0.08630086574955662,-0.25525964910375054,0.08584600429574954,-0.24166170278048932,0.015436846713166804,0.14906822249471818
3607,18,770,55.99463969610678,3684.4657106501672,-102.38986574887532,3756.266858370933,54.0,0.08630086574955662,-0.7257053670575555,0.08584600429574954,-0.7176190815677883,0.015436846713166804,0.2630889740712159
3608,50,771,-32.87294301735424,3776.17863145535,-138.45523360743735,3784.989842871927,54.0,0.08630086574955662,-0.17069788395010851,0.08584600429574954,-0.15480084340185485,0.015436846713166804,0.10753759095389165
3609,18,771,55.99463969610678,3684.4657106501672,-138.45523360743735,3784.989842871927,54.0,0.08630086574955662,-0.7871956325203253,0.08584600429574954,-0.7711590971747136,0.015436846713166804,0.30855870920619877
3610,14,771,-191.8510249122208,3920.732064928668,-138.45523360743735,3784.989842871927,54.0,0.08630086574955662,-0.23825474249556444,0.08584600429574954,-0.2207770734432765,0.015436846713166804,0.14743080104129477
3611,50,772,-32.87294301735424,3776.17863145535,-135.97189737011166,3769.9233764008513,54.0,0.08630086574955662,-0.25055278962857713,0.08584600429574954,-0.24175043534631083,0.015436846713166804,0.13227699468710025
3612,18,772,55.99463969610678,3684.4657106501672,-135.97189737011166,3769.9233764008513,54.0,0.08630086574955662,-0.8130850407946151,0.08584600429574954,-0.8031054676114378,0.015436846713166804,0.30999586748622526
3613,14,772,-191.8510249122208,3920.732064928668,-135.97189737011166,3769.9233764008513,54.0,0.08630086574955662,-0.27389540630943043,0.08584600429574954,-0.2544888243249091,0.015436846713166804,0.167149657361663
3614,50,773,-32.87294301735424,3776.17863145535,-97.69554891479424,3779.972848397416,54.0,0.08630086574955662,-0.11256371410133006,0.08584600429574954,-0.10365642786392543,0.015436846713166804,0.06751072874494161
3615,18,773,55.99463969610678,3684.4657106501672,-97.69554891479424,3779.972848397416,54.0,0.08630086574955662,-0.6575779963998889,0.08584600429574954,-0.644774160579136,0.015436846713166804,0.2527936963817368
3616,18,774,55.99463969610678,3684.4657106501672,-120.2634109186522,3744.879416152507,54.0,0.08630086574955662,-0.7936418239208082,0.08584600429574954,-0.7878073681055003,0.015436846713166804,0.2910649373677046
3617,50,775,-32.87294301735424,3776.17863145535,-156.924534585463,3784.9748286003496,54.0,0.08630086574955662,-0.20531923409523908,0.08584600429574954,-0.1869220915032126,0.015436846713166804,0.1289896760629895
3618,53,776,275.4374088407163,3843.51011953928,327.9247883281511,3963.7608357246586,54.0,0.08630086574955662,-0.45772869008094247,0.08584600429574954,-0.4586456464556562,0.015436846713166804,0.15553663912129223
3619,41,776,461.8106926932424,4070.996636995212,327.9247883281511,3963.7608357246586,54.0,0.08630086574955662,-0.7227823218772689,0.08584600429574954,-0.7207525025340168,0.015436846713166804,0.2103825897470567
3620,44,776,470.9318574712719,4102.798680980681,327.9247883281511,3963.7608357246586,54.0,0.08630086574955662,-0.7800132049147374,0.08584600429574954,-0.7769476356494827,0.015436846713166804,0.23323260937992119
3621,25,776,275.18212912654,3848.067080065535,327.9247883281511,3963.7608357246586,54.0,0.08630086574955662,-0.4416471188538772,0.08584600429574954,-0.4423950695717789,0.015436846713166804,0.1482503910396184
3622,38,776,292.2609771757026,3909.816818957042,327.9247883281511,3963.7608357246586,54.0,0.08630086574955662,-0.24014583674969078,0.08584600429574954,-0.24126509198008825,0.015436846713166804,0.07745395037287958
3623,25,777,275.18212912654,3848.067080065535,332.2728487453242,3955.63210174711,54.0,0.08630086574955662,-0.41777165171648717,0.08584600429574954,-0.4173510814744336,0.015436846713166804,0.14343934048488954
3624,44,777,470.9318574712719,4102.798680980681,332.2728487453242,3955.63210174711,54.0,0.08630086574955662,-0.8577494537998334,0.08584600429574954,-0.856442425463251,0.015436846713166804,0.24128944152399073
3625,38,777,292.2609771757026,3909.816818957042,332.2728487453242,3955.63210174711,54.0,0.08630086574955662,-0.2194167851922283,0.08584600429574954,-0.2195404399168009,0.015436846713166804,0.07311173260091532
3626,53,777,275.4374088407163,3843.51011953928,332.2728487453242,3955.63210174711,54.0,0.08630086574955662,-0.43660931259594243,0.08584600429574954,-0.43648417240025666,0.015436846713166804,0.15114108345891802
3627,10,778,331.5278665142546,3788.394860859632,364.57712380559593,3776.74559736748,54.0,0.08630086574955662,-0.182718220273928,0.08584600429574954,-0.18317084824774243,0.015436846713166804,0.06031227229985915
3628,12,778,339.7794838460253,3807.442051326752,364.57712380559593,3776.74559736748,54.0,0.08630086574955662,-0.2105065608184858,0.08584600429574954,-0.20995173286555827,0.015436846713166804,0.06764423373467994
3629,13,778,350.3727630331359,3756.461999998863,364.57712380559593,3776.74559736748,54.0,0.08630086574955662,-0.11906202246973713,0.08584600429574954,-0.11807175950487711,0.015436846713166804,0.048079952281824746
3630,11,778,339.1199783648173,3779.719741822334,364.57712380559593,3776.74559736748,54.0,0.08630086574955662,-0.15073578395384227,0.08584600429574954,-0.15086114684950708,0.015436846713166804,0.04968547551346126
3631,13,779,350.3727630331359,3756.461999998863,387.9276208759748,3665.165766546727,54.0,0.08630086574955662,-0.3423573922239625,0.08584600429574954,-0.33601935472465083,0.015436846713166804,0.16678191348916305
3632,11,779,339.1199783648173,3779.719741822334,387.9276208759748,3665.165766546727,54.0,0.08630086574955662,-0.4543147680081585,0.08584600429574954,-0.44710005250371393,0.015436846713166804,0.20804194080732397
3633,10,779,331.5278665142546,3788.394860859632,387.9276208759748,3665.165766546727,54.0,0.08630086574955662,-0.5055464234994007,0.08584600429574954,-0.4982361654196721,0.015436846713166804,0.22486218499266097
3634,53,780,275.4374088407163,3843.51011953928,342.9721527010015,3948.745347291568,54.0,0.08630086574955662,-0.4425386240955891,0.08584600429574954,-0.4412633746506537,0.015436846713166804,0.15549326319207896
3635,38,780,292.2609771757026,3909.816818957042,342.9721527010015,3948.745347291568,54.0,0.08630086574955662,-0.2236936952945249,0.08584600429574954,-0.22199846117293753,0.015436846713166804,0.07848853263109587
3636,44,780,474.3899718043101,4099.903162112868,342.9721527010015,3948.745347291568,54.0,0.08630086574955662,-0.8749317642363998,0.08584600429574954,-0.8730389248270531,0.015436846713166804,0.24033987511708427
3637,41,780,461.8106926932424,4070.996636995212,342.9721527010015,3948.745347291568,54.0,0.08630086574955662,-0.744640485120723,0.08584600429574954,-0.7423435361565442,0.015436846713166804,0.20923374656906502
3638,66,780,493.8518825171933,3956.000689079267,342.9721527010015,3948.745347291568,54.0,0.08630086574955662,-0.7034945529257522,0.08584600429574954,-0.7046318938700046,0.015436846713166804,0.20861949056063037
3639,19,780,309.4846467710166,4112.556925703692,342.9721527010015,3948.745347291568,54.0,0.08630086574955662,-0.6632623535610215,0.08584600429574954,-0.6613221699274558,0.015436846713166804,0.19998669056346025
3640,31,780,286.22286085268047,4096.016113555928,342.9721527010015,3948.745347291568,54.0,0.08630086574955662,-0.8273763733121534,0.08584600429574954,-0.8273229801374973,0.015436846713166804,0.19800587750634935
3641,63,780,316.49031405012005,3929.154743051912,342.9721527010015,3948.745347291568,54.0,0.08630086574955662,-0.15262809774605035,0.08584600429574954,-0.15157537857210396,0.015436846713166804,0.047408312289840424
3642,25,780,275.18212912654,3848.067080065535,342.9721527010015,3948.745347291568,54.0,0.08630086574955662,-0.42305208865619565,0.08584600429574954,-0.42132820452460684,0.015436846713166804,0.14760807475347612
3643,39,780,491.6009153175041,3965.873607703836,342.9721527010015,3948.745347291568,54.0,0.08630086574955662,-0.7173702788013483,0.08584600429574954,-0.7188727294701447,0.015436846713166804,0.2059279911430924
3644,41,781,461.8106926932424,4070.996636995212,330.5930561410029,3952.47921941426,54.0,0.08630086574955662,-0.7735476429476335,0.08584600429574954,-0.7717673551335845,0.015436846713166804,0.21750243976786962
3645,44,781,470.9318574712719,4102.798680980681,330.5930561410029,3952.47921941426,54.0,0.08630086574955662,-0.8828879395994382,0.08584600429574954,-0.8817047167096117,0.015436846713166804,0.24617910203826104
3646,53,781,275.4374088407163,3843.51011953928,330.5930561410029,3952.47921941426,54.0,0.08630086574955662,-0.4161963339265008,0.08584600429574954,-0.41606075806991444,0.015436846713166804,0.1465724872233309
3647,66,781,493.8518825171933,3956.000689079267,330.5930561410029,3952.47921941426,54.0,0.08630086574955662,-0.8052344087891423,0.08584600429574954,-0.8073466946713205,0.015436846713166804,0.22355820304447677
3648,38,781,292.2609771757026,3909.816818957042,330.5930561410029,3952.47921941426,54.0,0.08630086574955662,-0.19908882864208519,0.08584600429574954,-0.19905413103218364,0.015436846713166804,0.06887307184980405
3649,25,781,275.18212912654,3848.067080065535,330.5930561410029,3952.47921941426,54.0,0.08630086574955662,-0.39737875362568037,0.08584600429574954,-0.3969366706615805,0.015436846713166804,0.1388600501207307
3650,19,781,309.4846467710166,4112.556925703692,330.5930561410029,3952.47921941426,54.0,0.08630086574955662,-0.7124107728220902,0.08584600429574954,-0.7136017131170045,0.015436846713166804,0.19685649842392278
3651,63,781,316.49031405012005,3929.154743051912,330.5930561410029,3952.47921941426,54.0,0.08630086574955662,-0.1272660053443886,0.08584600429574954,-0.1273309411916845,0.015436846713166804,0.03969848051050756
3652,14,782,-191.2861040228232,3920.912450661129,-100.4168935768999,3930.978631826396,54.0,0.08630086574955662,-0.26594420786605194,0.08584600429574954,-0.2611543337968948,0.015436846713166804,0.11725566107637272
3653,14,783,-191.2861040228232,3920.912450661129,-117.70848810354678,3932.343097354881,54.0,0.08630086574955662,-0.20545709507050403,0.08584600429574954,-0.2023510154247812,0.015436846713166804,0.09550620373724444
3654,14,784,-193.0207120196688,3924.626168779942,-151.82872063398,3944.3503644953935,54.0,0.08630086574955662,-0.1294502861446127,0.08584600429574954,-0.1263652800498476,0.015436846713166804,0.06460770785288647
3655,15,785,-219.46475068668764,3910.916163982088,-183.8079702103253,3930.364447740388,54.0,0.08630086574955662,-0.12738555327423445,0.08584600429574954,-0.12588358712563055,0.015436846713166804,0.05199108925164198
3656,14,785,-193.5738161643245,3925.7877006944464,-183.8079702103253,3930.364447740388,54.0,0.08630086574955662,-0.03032635473167824,0.08584600429574954,-0.029106989370567393,0.015436846713166804,0.015384007445634455
3657,46,785,-260.0556528336838,3915.584287356416,-183.8079702103253,3930.364447740388,54.0,0.08630086574955662,-0.27210115571782423,0.08584600429574954,-0.2690662473335114,0.015436846713166804,0.10163330488805095
3658,14,786,-192.96665931875455,3922.943688262109,-200.8556110931154,3919.167762298929,54.0,0.08630086574955662,-0.014397518475374177,0.08584600429574954,-0.013903963437949227,0.015436846713166804,0.00785662249476527
3659,15,786,-219.46475068668764,3910.916163982088,-200.8556110931154,3919.167762298929,54.0,0.08630086574955662,-0.0886309563217435,0.08584600429574954,-0.08900614887916726,0.015436846713166804,0.030280764975086714
3660,14,787,-191.2861040228232,3920.912450661129,-117.44853647594596,3923.077543792965,54.0,0.08630086574955662,-0.19247065726671297,0.08584600429574954,-0.18893749902878182,0.015436846713166804,0.08478216131854281
3661,46,788,-260.0556528336838,3915.584287356416,-193.0671079313358,3925.334640995718,54.0,0.08630086574955662,-0.2315855428746133,0.08584600429574954,-0.23059516402240618,0.015436846713166804,0.08260717022157968
3662,14,788,-193.251654110463,3925.203409913071,-193.0671079313358,3925.334640995718,54.0,0.08630086574955662,-0.0006960378374652334,0.08584600429574954,-0.0006680514725843581,0.015436846713166804,0.0003530873185633244
3663,46,789,-260.0556528336838,3915.584287356416,-182.80882168342347,3938.420844118436,54.0,0.08630086574955662,-0.2880068335509771,0.08584600429574954,-0.2842240391794796,0.015436846713166804,0.10903773574317842
3664,46,790,-260.0556528336838,3915.584287356416,-169.22454351660818,3949.864122291554,54.0,0.08630086574955662,-0.33498957602274565,0.08584600429574954,-0.33068152097255876,0.015436846713166804,0.1339292766649339
3665,15,790,-219.46475068668764,3910.916163982088,-169.22454351660818,3949.864122291554,54.0,0.08630086574955662,-0.20269770071634433,0.08584600429574954,-0.19904009512577364,0.015436846713166804,0.08769187151891017
3666,14,790,-198.47857582254855,3935.903233662677,-169.22454351660818,3949.864122291554,54.0,0.08630086574955662,-0.09170014534027167,0.08584600429574954,-0.08854285090781186,0.015436846713166804,0.04622323700963372
3667,9,791,9.936533141897351,4088.226647492491,199.6253137223575,4097.533562704541,54.0,0.08630086574955662,-0.6681471500600835,0.08584600429574954,-0.6625533426715214,0.015436846713166804,0.2572646205086284
3668,9,792,9.936533141897351,4088.226647492491,180.5705992492557,4080.48024937745,54.0,0.08630086574955662,-0.5656792498715395,0.08584600429574954,-0.5594478247947822,0.015436846713166804,0.22890246721875093
3669,9,793,9.936533141897351,4088.226647492491,190.41227169080057,4085.240191257141,54.0,0.08630086574955662,-0.6179931062145562,0.08584600429574954,-0.6120968259691194,0.015436846713166804,0.24331112736239083
3670,31,793,286.22286085268047,4096.016113555928,190.41227169080057,4085.240191257141,54.0,0.08630086574955662,-0.3462864114898326,0.08584600429574954,-0.34222224483937463,0.015436846713166804,0.12669062512128237
3671,9,794,9.936533141897351,4088.226647492491,133.27665841837006,4066.2926462204714,54.0,0.08630086574955662,-0.4423429549505944,0.08584600429574954,-0.4372258682230777,0.015436846713166804,0.17135897461011496
3672,9,795,9.936533141897351,4088.226647492491,161.45756366945437,4064.809444564428,54.0,0.08630086574955662,-0.5107566644688688,0.08584600429574954,-0.5049782777777492,0.015436846713166804,0.2068511096956355
3673,6,795,202.24335058105044,4025.5497211369657,161.45756366945437,4064.809444564428,54.0,0.08630086574955662,-0.19003492532058625,0.08584600429574954,-0.18946440973790993,0.015436846713166804,0.07873365499476272
3674,28,795,181.0656949265822,4007.0767963031503,161.45756366945437,4064.809444564428,54.0,0.08630086574955662,-0.20687585975843525,0.08584600429574954,-0.20434506230863936,0.015436846713166804,0.0783657694445085
3675,9,796,9.936533141897351,4088.226647492491,167.52959921164822,4057.890748444691,54.0,0.08630086574955662,-0.5426230210370757,0.08584600429574954,-0.5363108605830609,0.015436846713166804,0.21727109584407298
3676,6,796,202.24335058105044,4025.5497211369657,167.52959921164822,4057.890748444691,54.0,0.08630086574955662,-0.16341472423568076,0.08584600429574954,-0.16291227979423237,0.015436846713166804,0.0663978483491438
3677,28,796,181.0656949265822,4007.0767963031503,167.52959921164822,4057.890748444691,54.0,0.08630086574955662,-0.18954777413668883,0.08584600429574954,-0.18763108633028672,0.015436846713166804,0.06823061054490236
3678,6,797,202.24335058105044,4025.5497211369657,154.67860682326315,4055.93008952698,54.0,0.08630086574955662,-0.17654921574435248,0.08584600429574954,-0.17468003748949917,0.015436846713166804,0.07608674032460681
3679,9,797,9.936533141897351,4088.226647492491,154.67860682326315,4055.93008952698,54.0,0.08630086574955662,-0.5099162663000403,0.08584600429574954,-0.5038640632146163,0.015436846713166804,0.20023361631966533
3680,31,797,286.22286085268047,4096.016113555928,154.67860682326315,4055.93008952698,54.0,0.08630086574955662,-0.4698164830939501,0.08584600429574954,-0.46718304265101623,0.015436846713166804,0.1821139192393132
3681,28,797,181.0656949265822,4007.0767963031503,154.67860682326315,4055.93008952698,54.0,0.08630086574955662,-0.17353785137492217,0.08584600429574954,-0.17037290942848404,0.015436846713166804,0.0698868372209643
3682,28,798,181.0656949265822,4007.0767963031503,131.86898071170762,4053.9416228862974,54.0,0.08630086574955662,-0.1941358067669355,0.08584600429574954,-0.19016976580956552,0.015436846713166804,0.08398457794538909
3683,28,799,181.0656949265822,4007.0767963031503,176.52045162103826,4054.157155351148,54.0,0.08630086574955662,-0.20594374925620446,0.08584600429574954,-0.20623363567700137,0.015436846713166804,0.06578291264331453
3684,9,799,9.936533141897351,4088.226647492491,176.52045162103826,4054.157155351148,54.0,0.08630086574955662,-0.5739817841129008,0.08584600429574954,-0.567544554679856,0.015436846713166804,0.23036180693184713
3685,28,800,181.0656949265822,4007.0767963031503,144.58738366308845,4040.185673265095,54.0,0.08630086574955662,-0.14744243213450745,0.08584600429574954,-0.14450639681873784,0.015436846713166804,0.06132248134121284
3686,6,800,202.24335058105044,4025.5497211369657,144.58738366308845,4040.185673265095,54.0,0.08630086574955662,-0.17261414556360624,0.08584600429574954,-0.1694142833750944,0.015436846713166804,0.07715522903035708
3687,19,801,298.45947748194794,4119.807970449649,137.0304050103369,4090.0427831962857,54.0,0.08630086574955662,-0.5271948526641098,0.08584600429574954,-0.5207391857106587,0.015436846713166804,0.19648814104643697
3688,28,801,181.0656949265822,4007.0767963031503,137.0304050103369,4090.0427831962857,54.0,0.08630086574955662,-0.2761525150882298,0.08584600429574954,-0.27053821168981945,0.015436846713166804,0.11969830732665712
3689,9,801,9.936533141897351,4088.226647492491,137.0304050103369,4090.0427831962857,54.0,0.08630086574955662,-0.3903485576106972,0.08584600429574954,-0.3847854048181843,0.015436846713166804,0.1697905858053949
3690,31,801,286.22286085268047,4096.016113555928,137.0304050103369,4090.0427831962857,54.0,0.08630086574955662,-0.5719043389128121,0.08584600429574954,-0.5675336076513562,0.015436846713166804,0.19947479394510068
3691,22,801,267.77623279276514,4140.811810679348,137.0304050103369,4090.0427831962857,54.0,0.08630086574955662,-0.4888120494756222,0.08584600429574954,-0.48514197489281524,0.015436846713166804,0.1912381057703461
3692,9,802,9.936533141897351,4088.226647492491,146.06286604885338,4070.4912970347327,54.0,0.08630086574955662,-0.44290086088661074,0.08584600429574954,-0.43765086839135803,0.015436846713166804,0.18380902926038456
3693,22,803,267.77623279276514,4140.811810679348,184.90358304539177,4077.551448109347,54.0,0.08630086574955662,-0.40097803227089385,0.08584600429574954,-0.3986326368733576,0.015436846713166804,0.1428799390786742
3694,9,803,9.936533141897351,4088.226647492491,184.90358304539177,4077.551448109347,54.0,0.08630086574955662,-0.5894413888239317,0.08584600429574954,-0.5833501858061684,0.015436846713166804,0.23553627460354515
3695,21,803,129.6510563411616,4132.672991581291,184.90358304539177,4077.551448109347,54.0,0.08630086574955662,-0.27694810997177655,0.08584600429574954,-0.2754245252707219,0.015436846713166804,0.10204761201378712
3696,21,804,103.34699834515416,4117.964937310308,138.3086584571955,4055.180570312392,54.0,0.08630086574955662,-0.15398794012342246,0.08584600429574954,-0.14841251566153638,0.015436846713166804,0.07964081474975139
3697,28,804,181.0656949265822,4007.0767963031503,138.3086584571955,4055.180570312392,54.0,0.08630086574955662,-0.1861138226055064,0.08584600429574954,-0.1821969858218206,0.015436846713166804,0.07963675726704121
3698,22,804,267.77623279276514,4140.811810679348,138.3086584571955,4055.180570312392,54.0,0.08630086574955662,-0.5768706479493992,0.08584600429574954,-0.5739579643763603,0.015436846713166804,0.21169864680388
3699,19,805,298.45947748194794,4119.807970449649,156.30249231265788,4054.163957898228,54.0,0.08630086574955662,-0.44148990642885866,0.08584600429574954,-0.4361661619425422,0.015436846713166804,0.18758798288307912
3700,21,805,115.87171678850837,4124.949399138172,156.30249231265788,4054.163957898228,54.0,0.08630086574955662,-0.1854062051738307,0.08584600429574954,-0.17823904243943856,0.015436846713166804,0.09740366676438383
3701,31,805,286.22286085268047,4096.016113555928,156.30249231265788,4054.163957898228,54.0,0.08630086574955662,-0.46668150242829004,0.08584600429574954,-0.46419600292860846,0.015436846713166804,0.1806479100050006
3702,22,805,267.77623279276514,4140.811810679348,156.30249231265788,4054.163957898228,54.0,0.08630086574955662,-0.525239013986131,0.08584600429574954,-0.5232224078904983,0.015436846713166804,0.19378493589127807
3703,9,805,9.936533141897351,4088.226647492491,156.30249231265788,4054.163957898228,54.0,0.08630086574955662,-0.5149818777084233,0.08584600429574954,-0.5089479474847647,0.015436846713166804,0.20255510959648784
3704,28,805,181.0656949265822,4007.0767963031503,156.30249231265788,4054.163957898228,54.0,0.08630086574955662,-0.1678909056278612,0.08584600429574954,-0.16480852102091909,0.015436846713166804,0.06683375211899295
3705,21,806,103.34699834515416,4117.964937310308,144.93487867158464,4040.1157796648927,54.0,0.08630086574955662,-0.19505770602134478,0.08584600429574954,-0.1887403201691153,0.015436846713166804,0.0994408932195838
3706,9,806,9.936533141897351,4088.226647492491,144.93487867158464,4040.1157796648927,54.0,0.08630086574955662,-0.4880879245977821,0.08584600429574954,-0.48238701934695094,0.015436846713166804,0.19079197224615363
3707,22,806,267.77623279276514,4140.811810679348,144.93487867158464,4040.1157796648927,54.0,0.08630086574955662,-0.5643552985555396,0.08584600429574954,-0.5613139619557478,0.015436846713166804,0.2149606138236079
3708,19,806,298.45947748194794,4119.807970449649,144.93487867158464,4040.1157796648927,54.0,0.08630086574955662,-0.4765835717162148,0.08584600429574954,-0.46974074830373963,0.015436846713166804,0.20634817857958362
3709,28,806,181.0656949265822,4007.0767963031503,144.93487867158464,4040.1157796648927,54.0,0.08630086574955662,-0.14670505173325415,0.08584600429574954,-0.14377866827935507,0.015436846713166804,0.06095262404735579
3710,50,807,-32.87294301735424,3776.17863145535,-14.089789104907949,3785.508897541508,54.0,0.08630086574955662,-0.07749582786275558,0.08584600429574954,-0.07610980535802173,0.015436846713166804,0.02940940958345618
3711,50,808,-32.87294301735424,3776.17863145535,-9.925235130187474,3764.08366154794,54.0,0.08630086574955662,-0.13333863732556572,0.08584600429574954,-0.13298614570368902,0.015436846713166804,0.041001789036520644
3712,50,809,-32.87294301735424,3776.17863145535,16.170423993237026,3756.447032381564,54.0,0.08630086574955662,-0.2374388145349061,0.08584600429574954,-0.236745292590135,0.015436846713166804,0.07791704356893268
3713,50,810,-32.87294301735424,3776.17863145535,-11.141473043724488,3725.886702828202,54.0,0.08630086574955662,-0.2779011315668925,0.08584600429574954,-0.27906667130858764,0.015436846713166804,0.08481013815545325
3714,50,811,-32.87294301735424,3776.17863145535,30.8317163158991,3728.685939677773,54.0,0.08630086574955662,-0.3180697053818873,0.08584600429574954,-0.315602229060265,0.015436846713166804,0.11316075687194135
3715,50,812,-32.87294301735424,3776.17863145535,15.043445181788934,3715.8110582869726,54.0,0.08630086574955662,-0.35821238166313674,0.08584600429574954,-0.35777446465400864,0.015436846713166804,0.11588362980427165
3716,50,813,-32.87294301735424,3776.17863145535,1.0232192929827142,3799.386055081737,54.0,0.08630086574955662,-0.15409788608141836,0.08584600429574954,-0.15150090903009714,0.015436846713166804,0.05582080159131942
3717,50,814,-32.87294301735424,3776.17863145535,3.004810249261907,3742.404604751321,54.0,0.08630086574955662,-0.2482000041296549,0.08584600429574954,-0.2478567400288512,0.015436846713166804,0.07587284450540409
3718,14,815,-191.2861040228232,3920.912450661129,-34.95691718764405,3775.115165439217,54.0,0.08630086574955662,-0.3715237975091872,0.08584600429574954,-0.34466001436538407,0.015436846713166804,0.22270243593801292
3719,18,816,55.99463969610678,3684.4657106501672,-3.976707935406477,3790.887532136633,54.0,0.08630086574955662,-0.29625375104351725,0.08584600429574954,-0.28668164886612746,0.015436846713166804,0.14334953810554357
3720,18,817,55.99463969610678,3684.4657106501672,-23.639994217954985,3791.306169721887,54.0,0.08630086574955662,-0.408976446041941,0.08584600429574954,-0.4006093359941153,0.015436846713166804,0.17041628732705644
3721,50,818,-32.87294301735424,3776.17863145535,-6.626156437287864,3726.2710578770343,54.0,0.08630086574955662,-0.290094914503019,0.08584600429574954,-0.2910601165596985,0.015436846713166804,0.08729098213634097
3722,18,818,55.99463969610678,3684.4657106501672,-6.626156437287864,3726.2710578770343,54.0,0.08630086574955662,-0.24838941622646638,0.08584600429574954,-0.24338810082126747,0.015436846713166804,0.10247498765308681
3723,18,819,55.99463969610678,3684.4657106501672,23.08560742794845,3730.459636285315,54.0,0.08630086574955662,-0.10393303911568305,0.08584600429574954,-0.0976231820980088,0.015436846713166804,0.06153619719413429
3724,14,820,-191.2861040228232,3920.912450661129,-1.177771162963938,3741.453930125509,54.0,0.08630086574955662,-0.612238100981903,0.08584600429574954,-0.5854309778373011,0.015436846713166804,0.29502788006069725
3725,50,820,-32.87294301735424,3776.17863145535,-1.177771162963938,3741.453930125509,54.0,0.08630086574955662,-0.24512787320350446,0.08584600429574954,-0.24514877806609608,0.015436846713166804,0.0730917360695669
3726,14,821,-191.2861040228232,3920.912450661129,-15.66548375733837,3741.6238639024086,54.0,0.08630086574955662,-0.5205859028591818,0.08584600429574954,-0.4922972329485248,0.015436846713166804,0.2703814009615003
3727,50,821,-32.87294301735424,3776.17863145535,-15.66548375733837,3741.6238639024086,54.0,0.08630086574955662,-0.19262196043295673,0.08584600429574954,-0.19314220640520807,0.015436846713166804,0.06025442634208279
3728,18,821,55.99463969610678,3684.4657106501672,-15.66548375733837,3741.6238639024086,54.0,0.08630086574955662,-0.313878500396869,0.08584600429574954,-0.3091127646221652,0.015436846713166804,0.1236810219777372
3729,14,822,-191.2861040228232,3920.912450661129,-11.032979497787542,3811.934593534735,54.0,0.08630086574955662,-0.510748519629472,0.08584600429574954,-0.4949702443426588,0.015436846713166804,0.25673387065928005
3730,18,822,55.99463969610678,3684.4657106501672,-11.032979497787542,3811.934593534735,54.0,0.08630086574955662,-0.3592864949313316,0.08584600429574954,-0.34787399311863354,0.015436846713166804,0.17072770730047673
3731,14,823,-191.2861040228232,3920.912450661129,-46.00446954103198,3809.903916821808,54.0,0.08630086574955662,-0.35211901705944865,0.08584600429574954,-0.3329059501452377,0.015436846713166804,0.20158120354368245
3732,18,823,55.99463969610678,3684.4657106501672,-46.00446954103198,3809.903916821808,54.0,0.08630086574955662,-0.5100039954218999,0.08584600429574954,-0.500496703819633,0.015436846713166804,0.2120025473684117
3733,50,823,-32.87294301735424,3776.17863145535,-46.00446954103198,3809.903916821808,54.0,0.08630086574955662,-0.10475039310751766,0.08584600429574954,-0.10274243730375776,0.015436846713166804,0.04876862779004881
3734,14,824,-191.2861040228232,3920.912450661129,-35.47065700717375,3757.803246760093,54.0,0.08630086574955662,-0.38738771118203164,0.08584600429574954,-0.35770333439287827,0.015436846713166804,0.2290440961070624
3735,18,824,55.99463969610678,3684.4657106501672,-35.47065700717375,3757.803246760093,54.0,0.08630086574955662,-0.438763033767034,0.08584600429574954,-0.4347247277044502,0.015436846713166804,0.1629837183412989
3736,14,825,-193.67675881229368,3924.452958702778,-365.5449472651887,3844.923133756668,54.0,0.08630086574955662,-0.6823020584392254,0.08584600429574954,-0.6802505020118929,0.015436846713166804,0.24484062081824184
3737,14,826,-201.1734055836479,3940.142680026525,-404.3169497068079,3847.280124510167,54.0,0.08630086574955662,-0.7776289582151432,0.08584600429574954,-0.7706609403587006,0.015436846713166804,0.3141381656900362
3738,3,826,-366.6419945922364,3850.319998086217,-404.3169497068079,3847.280124510167,54.0,0.08630086574955662,-0.15712865976449486,0.08584600429574954,-0.15507672851935086,0.015436846713166804,0.06066043957198076
3739,3,827,-366.6419945922364,3850.319998086217,-426.80940638540346,3840.4396818768737,54.0,0.08630086574955662,-0.23936510209379117,0.08584600429574954,-0.23614956856500063,0.015436846713166804,0.09347776449428194
3740,3,828,-366.6419945922364,3850.319998086217,-430.10570094557687,3824.844250380473,54.0,0.08630086574955662,-0.2674924030860303,0.08584600429574954,-0.2639013756525677,0.015436846713166804,0.10464856739646035
3741,14,828,-197.0662976625606,3931.6528533449696,-430.10570094557687,3824.844250380473,54.0,0.08630086574955662,-0.9264874183238285,0.08584600429574954,-0.9203351892876112,0.015436846713166804,0.3505553594361402
3742,14,829,-192.3219051675361,3921.775213802448,-404.2850942785308,3824.185449432093,54.0,0.08630086574955662,-0.8508604306222481,0.08584600429574954,-0.846434467829369,0.015436846713166804,0.307471633929851
3743,14,830,-191.8510249122208,3920.732064928668,-387.5803323118312,3805.307151192845,54.0,0.08630086574955662,-0.8503027792812696,0.08584600429574954,-0.8444460855098537,0.015436846713166804,0.30673473990792455
3744,3,830,-366.6419945922364,3850.319998086217,-387.5803323118312,3805.307151192845,54.0,0.08630086574955662,-0.2017014811291872,0.08584600429574954,-0.20149547063288675,0.015436846713166804,0.076594402064522
3745,14,831,-191.8510249122208,3920.732064928668,-347.06149835086603,3826.251861541413,54.0,0.08630086574955662,-0.6753914327956584,0.08584600429574954,-0.6700352621392908,0.015436846713166804,0.24274337233456858
3746,14,832,-191.8510249122208,3920.732064928668,-331.78244143248816,3824.7065382645146,54.0,0.08630086574955662,-0.6211136009515963,0.08584600429574954,-0.6164254483110146,0.015436846713166804,0.22662727474855876
3747,46,832,-260.0556528336838,3915.584287356416,-331.78244143248816,3824.7065382645146,54.0,0.08630086574955662,-0.46680976343603814,0.08584600429574954,-0.4655884426417379,0.015436846713166804,0.16010959420700846
3748,14,833,-191.8510249122208,3920.732064928668,-422.5455709687562,3814.5572286094944,54.0,0.08630086574955662,-0.9162924821398449,0.08584600429574954,-0.9091485971911136,0.015436846713166804,0.33850432793705615
3749,3,833,-366.6419945922364,3850.319998086217,-422.5455709687562,3814.5572286094944,54.0,0.08630086574955662,-0.24842985233919387,0.08584600429574954,-0.24395308395137177,0.015436846713166804,0.09933211094588322
3750,3,834,-366.6419945922364,3850.319998086217,-405.0491789294172,3804.950457916575,54.0,0.08630086574955662,-0.22536873420475892,0.08584600429574954,-0.22360905617771154,0.015436846713166804,0.08946042804994293
3751,14,834,-191.8510249122208,3920.732064928668,-405.0491789294172,3804.950457916575,54.0,0.08630086574955662,-0.8955812379531829,0.08584600429574954,-0.8899477170874702,0.015436846713166804,0.3277216447765926
3752,14,835,-191.8510249122208,3920.732064928668,-375.2625317522474,3806.274998549873,54.0,0.08630086574955662,-0.8207081324044828,0.08584600429574954,-0.8144107195170186,0.015436846713166804,0.29238023290641857
3753,3,835,-366.6419945922364,3850.319998086217,-375.2625317522474,3806.274998549873,54.0,0.08630086574955662,-0.20950763922467047,0.08584600429574954,-0.2085296874166821,0.015436846713166804,0.06987273552503032
3754,3,836,-366.6419945922364,3850.319998086217,-324.4374894603114,3809.0351637860767,54.0,0.08630086574955662,-0.2897049809454926,0.08584600429574954,-0.2873503138489722,0.015436846713166804,0.09218405002681787
3755,46,836,-260.0556528336838,3915.584287356416,-324.4374894603114,3809.0351637860767,54.0,0.08630086574955662,-0.48856004362657635,0.08584600429574954,-0.48693594151279995,0.015436846713166804,0.17677196899250666
3756,14,836,-191.8510249122208,3920.732064928668,-324.4374894603114,3809.0351637860767,54.0,0.08630086574955662,-0.6124073369572772,0.08584600429574954,-0.6061324730290478,0.015436846713166804,0.230539532309194
3757,14,837,-191.8510249122208,3920.732064928668,-323.37869107917845,3794.1605352946544,54.0,0.08630086574955662,-0.6647497656725829,0.08584600429574954,-0.6596756350624347,0.015436846713166804,0.24661681469487348
3758,3,837,-366.6419945922364,3850.319998086217,-323.37869107917845,3794.1605352946544,54.0,0.08630086574955662,-0.33873607885145995,0.08584600429574954,-0.336405217926556,0.015436846713166804,0.11103598811088808
3759,3,838,-366.6419945922364,3850.319998086217,-300.24385858311143,3785.907132981712,54.0,0.08630086574955662,-0.4152393331196026,0.08584600429574954,-0.41348661481892673,0.015436846713166804,0.14501591783128262
3760,14,838,-191.8510249122208,3920.732064928668,-300.24385858311143,3785.907132981712,54.0,0.08630086574955662,-0.6694467801737077,0.08584600429574954,-0.665488555720759,0.015436846713166804,0.23310795575687376
3761,3,839,-366.6419945922364,3850.319998086217,-322.7466350537741,3780.7052923180495,54.0,0.08630086574955662,-0.3765508610594887,0.08584600429574954,-0.37348521540223245,0.015436846713166804,0.12945184636945
3762,14,839,-191.8510249122208,3920.732064928668,-322.7466350537741,3780.7052923180495,54.0,0.08630086574955662,-0.721690848603378,0.08584600429574954,-0.7189070453843144,0.015436846713166804,0.2642724873807427
3763,14,840,-191.8510249122208,3920.732064928668,-410.71675667600334,3818.6661092592935,54.0,0.08630086574955662,-0.8783344129265872,0.08584600429574954,-0.8725880029937214,0.015436846713166804,0.3206553157937668
3764,20,840,-491.6557639897821,3775.103401039669,-410.71675667600334,3818.6661092592935,54.0,0.08630086574955662,-0.36703432789584267,0.08584600429574954,-0.36356792675799804,0.015436846713166804,0.14215111669194605
3765,14,841,-191.8510249122208,3920.732064928668,-318.88329414751405,3818.9288382704895,54.0,0.08630086574955662,-0.5760615584060624,0.08584600429574954,-0.5705484605293718,0.015436846713166804,0.2152918451007711
3766,14,842,-191.8510249122208,3920.732064928668,-326.3434765158958,3801.390735089175,54.0,0.08630086574955662,-0.6404726880325357,0.08584600429574954,-0.6340778513342131,0.015436846713166804,0.24041324895761454
3767,14,843,-191.8510249122208,3920.732064928668,-330.9905831547808,3820.9309390757303,54.0,0.08630086574955662,-0.6262949531993874,0.08584600429574954,-0.6215266603408053,0.015436846713166804,0.22922767319352805
3768,20,844,-491.6557639897821,3775.103401039669,-397.3841504799605,3803.674758178313,54.0,0.08630086574955662,-0.38169145520079883,0.08584600429574954,-0.37748310538366425,0.015436846713166804,0.15329398888540932
3769,14,845,-193.28039144600527,3923.6391809327615,-419.2811331727221,3819.932467451428,54.0,0.08630086574955662,-0.8993904896686674,0.08584600429574954,-0.893833184231701,0.015436846713166804,0.3295748320895927
3770,20,845,-491.6557639897821,3775.103401039669,-419.2811331727221,3819.932467451428,54.0,0.08630086574955662,-0.34904157638459815,0.08584600429574954,-0.3466828937904916,0.015436846713166804,0.1328095419285665
3771,14,846,-196.44021393068368,3930.261440676593,-430.0306146106633,3823.248815696748,54.0,0.08630086574955662,-0.9307090492201946,0.08584600429574954,-0.9247570678320486,0.015436846713166804,0.3496229122948931
3772,20,846,-491.6557639897821,3775.103401039669,-430.0306146106633,3823.248815696748,54.0,0.08630086574955662,-0.326963844927181,0.08584600429574954,-0.3249729922405324,0.015436846713166804,0.12528944252964133
3773,14,847,-201.1734055836479,3940.142680026525,-356.75431567410976,3871.390050348002,54.0,0.08630086574955662,-0.5871213985280482,0.08584600429574954,-0.5833346670421955,0.015436846713166804,0.2334116104251305
3774,46,847,-260.0556528336838,3915.584287356416,-356.75431567410976,3871.390050348002,54.0,0.08630086574955662,-0.3474496868145564,0.08584600429574954,-0.3446119162349521,0.015436846713166804,0.1487928947851208
3775,14,848,-197.22278007689724,3932.000718165229,-361.4765283296221,3855.8723056535537,54.0,0.08630086574955662,-0.6556679033683045,0.08584600429574954,-0.6533931414522174,0.015436846713166804,0.23950635139241525
3776,46,848,-260.0556528336838,3915.584287356416,-361.4765283296221,3855.8723056535537,54.0,0.08630086574955662,-0.4100547167728099,0.08584600429574954,-0.4094412667229168,0.015436846713166804,0.16215018078606078
3777,14,849,-191.8510249122208,3920.732064928668,-359.4180979857128,3824.821999979614,54.0,0.08630086574955662,-0.723008214784034,0.08584600429574954,-0.7174263834596547,0.015436846713166804,0.2577087434601618
3778,20,850,-491.6557639897821,3775.103401039669,-389.52855139742405,3828.604088282125,54.0,0.08630086574955662,-0.4435035740062968,0.08584600429574954,-0.43837770435436035,0.015436846713166804,0.17575868110818535
3779,20,851,-491.6557639897821,3775.103401039669,-405.1070033799106,3843.96989474742,54.0,0.08630086574955662,-0.4488153258516654,0.08584600429574954,-0.4449894109671744,0.015436846713166804,0.17570017914803387
3780,14,851,-200.22780820370463,3938.166099629641,-405.1070033799106,3843.96989474742,54.0,0.08630086574955662,-0.7994105122221784,0.08584600429574954,-0.7927674584850298,0.015436846713166804,0.3130422112904049
3781,20,852,-491.6557639897821,3775.103401039669,-385.96925192827536,3848.54266155951,54.0,0.08630086574955662,-0.5093206870669629,0.08584600429574954,-0.5044427570300588,0.015436846713166804,0.1979258709449239
3782,20,853,-491.6557639897821,3775.103401039669,-349.86677463547466,3797.3692427216415,54.0,0.08630086574955662,-0.5313281966524588,0.08584600429574954,-0.5274534930567784,0.015436846713166804,0.22559260078331844
3783,44,854,470.9318574712719,4102.798680980681,312.0063800751807,3962.5976151222,54.0,0.08630086574955662,-0.7560919180510178,0.08584600429574954,-0.7519215952783667,0.015436846713166804,0.24293814110942638
3784,25,854,275.18212912654,3848.067080065535,312.0063800751807,3962.5976151222,54.0,0.08630086574955662,-0.43919230569590517,0.08584600429574954,-0.4409951890658407,0.015436846713166804,0.14043928489994636
3785,53,854,275.4374088407163,3843.51011953928,312.0063800751807,3962.5976151222,54.0,0.08630086574955662,-0.4577189187012265,0.08584600429574954,-0.4597520809831235,0.015436846713166804,0.14799144325417674
3786,38,854,292.2609771757026,3909.816818957042,312.0063800751807,3962.5976151222,54.0,0.08630086574955662,-0.20372839721497618,0.08584600429574954,-0.20476963075507829,0.015436846713166804,0.06744639766530827
3787,44,855,470.9318574712719,4102.798680980681,294.3184227939459,3953.278734719593,54.0,0.08630086574955662,-0.7990227482203967,0.08584600429574954,-0.7948926518540875,0.015436846713166804,0.26585555780639997
3788,25,855,275.18212912654,3848.067080065535,294.3184227939459,3953.278734719593,54.0,0.08630086574955662,-0.3592189297209294,0.08584600429574954,-0.35926709306526683,0.015436846713166804,0.12347459196415807
3789,53,855,275.4374088407163,3843.51011953928,294.3184227939459,3953.278734719593,54.0,0.08630086574955662,-0.3804407872214348,0.08584600429574954,-0.38074726981786766,0.015436846713166804,0.13137300152610473
3790,38,855,292.2609771757026,3909.816818957042,294.3184227939459,3953.278734719593,54.0,0.08630086574955662,-0.13078538625069008,0.08584600429574954,-0.13027330254845,0.015436846713166804,0.051743367234838814
3791,25,856,275.18212912654,3848.067080065535,282.8565774544674,3927.6210696294247,54.0,0.08630086574955662,-0.2900368558257578,0.08584600429574954,-0.2903278084403202,0.015436846713166804,0.09342110504015783
3792,38,856,292.2609771757026,3909.816818957042,282.8565774544674,3927.6210696294247,54.0,0.08630086574955662,-0.08054035898695586,0.08584600429574954,-0.08019690120344927,0.015436846713166804,0.02808602647125009
3793,53,856,275.4374088407163,3843.51011953928,282.8565774544674,3927.6210696294247,54.0,0.08630086574955662,-0.3132741413765063,0.08584600429574954,-0.31382966902298814,0.015436846713166804,0.10189093366509382
3794,44,856,470.9318574712719,4102.798680980681,282.8565774544674,3927.6210696294247,54.0,0.08630086574955662,-0.9473668408671708,0.08584600429574954,-0.9446798478691795,0.015436846713166804,0.2979226348687034
3795,38,857,292.2609771757026,3909.816818957042,257.8071990994817,3924.222274123985,54.0,0.08630086574955662,-0.13743772151053424,0.08584600429574954,-0.13642571194644862,0.015436846713166804,0.04466678540400707
3796,25,857,275.18212912654,3848.067080065535,257.8071990994817,3924.222274123985,54.0,0.08630086574955662,-0.12484360384132329,0.08584600429574954,-0.11801373665486731,0.015436846713166804,0.054277385554746545
3797,53,857,275.4374088407163,3843.51011953928,257.8071990994817,3924.222274123985,54.0,0.08630086574955662,-0.14458535439723097,0.08584600429574954,-0.13763583513800723,0.015436846713166804,0.061781605035630335
3798,25,858,275.18212912654,3848.067080065535,269.84970995130976,3931.065440669821,54.0,0.08630086574955662,-0.1407817154408111,0.08584600429574954,-0.13428090627428735,0.015436846713166804,0.061429087639828336
3799,53,858,275.4374088407163,3843.51011953928,269.84970995130976,3931.065440669821,54.0,0.08630086574955662,-0.1593108149498995,0.08584600429574954,-0.15287280643432413,0.015436846713166804,0.06877787081270753
3800,38,858,292.2609771757026,3909.816818957042,269.84970995130976,3931.065440669821,54.0,0.08630086574955662,-0.10425711473157133,0.08584600429574954,-0.10388177068421932,0.015436846713166804,0.038565928985916556
3801,44,858,470.9318574712719,4102.798680980681,269.84970995130976,3931.065440669821,54.0,0.08630086574955662,-0.8886615985438149,0.08584600429574954,-0.8844731775113089,0.015436846713166804,0.303100187350819
3802,12,858,339.7794838460253,3807.442051326752,269.84970995130976,3931.065440669821,54.0,0.08630086574955662,-0.6038113066090092,0.08584600429574954,-0.6042289172744951,0.015436846713166804,0.19216210464633815
3803,31,858,286.22286085268047,4096.016113555928,269.84970995130976,3931.065440669821,54.0,0.08630086574955662,-0.7601597033723069,0.08584600429574954,-0.7553246139629144,0.015436846713166804,0.20351440547357605
3804,53,859,275.4374088407163,3843.51011953928,265.89587639025353,3963.952669789918,54.0,0.08630086574955662,-0.2226147676947411,0.08584600429574954,-0.21514563273172554,0.015436846713166804,0.10346776231941932
3805,38,859,292.2609771757026,3909.816818957042,265.89587639025353,3963.952669789918,54.0,0.08630086574955662,-0.15681945175691475,0.08584600429574954,-0.1551423202590789,0.015436846713166804,0.06779192049094498
3806,44,859,470.9318574712719,4102.798680980681,265.89587639025353,3963.952669789918,54.0,0.08630086574955662,-0.7267661284754512,0.08584600429574954,-0.7199092751367201,0.015436846713166804,0.2806600664671663
3807,25,859,275.18212912654,3848.067080065535,265.89587639025353,3963.952669789918,54.0,0.08630086574955662,-0.2044409064212281,0.08584600429574954,-0.19691025977906026,0.015436846713166804,0.09630894560528495
3808,38,860,292.2609771757026,3909.816818957042,257.8456175484073,3924.298953712429,54.0,0.08630086574955662,-0.13741692307487924,0.08584600429574954,-0.13640556679801505,0.015436846713166804,0.04466190518698705
3809,44,860,470.9318574712719,4102.798680980681,257.8456175484073,3924.298953712429,54.0,0.08630086574955662,-0.9050007283717435,0.08584600429574954,-0.9005568773274252,0.015436846713166804,0.3182174118474042
3810,63,860,316.49031405012005,3929.154743051912,257.8456175484073,3924.298953712429,54.0,0.08630086574955662,-0.17491711774838287,0.08584600429574954,-0.17468239758255194,0.015436846713166804,0.0688321652473547
3811,25,860,275.18212912654,3848.067080065535,257.8456175484073,3924.298953712429,54.0,0.08630086574955662,-0.12509954479422444,0.08584600429574954,-0.11826818366788933,0.015436846713166804,0.05435476767384816
3812,53,860,275.4374088407163,3843.51011953928,257.8456175484073,3924.298953712429,54.0,0.08630086574955662,-0.14484152366632058,0.08584600429574954,-0.13789085910552284,0.015436846713166804,0.06185872691181051
3813,25,861,275.18212912654,3848.067080065535,255.9945365072104,3935.7183858934864,54.0,0.08630086574955662,-0.1512388245972927,0.08584600429574954,-0.1444025902146185,0.015436846713166804,0.06718545666728472
3814,44,861,470.9318574712719,4102.798680980681,255.9945365072104,3935.7183858934864,54.0,0.08630086574955662,-0.840256551156007,0.08584600429574954,-0.8351901136435536,0.015436846713166804,0.3123701082056654
3815,38,861,292.2609771757026,3909.816818957042,255.9945365072104,3935.7183858934864,54.0,0.08630086574955662,-0.13579371327052034,0.08584600429574954,-0.1352653335589746,0.015436846713166804,0.052594958170003876
3816,63,861,316.49031405012005,3929.154743051912,255.9945365072104,3935.7183858934864,54.0,0.08630086574955662,-0.16753721628995183,0.08584600429574954,-0.16761302122358035,0.015436846713166804,0.07113522427673752
3817,44,862,470.9318574712719,4102.798680980681,316.862912508576,3944.2065035608966,54.0,0.08630086574955662,-0.92037263516429,0.08584600429574954,-0.9189541336637179,0.015436846713166804,0.2627245031201831
3818,25,862,275.18212912654,3848.067080065535,316.862912508576,3944.2065035608966,54.0,0.08630086574955662,-0.3466083830718216,0.08584600429574954,-0.3468006099359424,0.015436846713166804,0.12124627996794085
3819,53,862,275.4374088407163,3843.51011953928,316.862912508576,3944.2065035608966,54.0,0.08630086574955662,-0.3638227723370252,0.08584600429574954,-0.36420902620433465,0.015436846713166804,0.12881002732035096
3820,66,862,493.8518825171933,3956.000689079267,316.862912508576,3944.2065035608966,54.0,0.08630086574955662,-0.7653560066425126,0.08584600429574954,-0.7628450947222533,0.015436846713166804,0.24400701024023325
3821,19,862,309.4846467710166,4112.556925703692,316.862912508576,3944.2065035608966,54.0,0.08630086574955662,-0.694618214275325,0.08584600429574954,-0.6976915305520882,0.015436846713166804,0.20669426531664942
3822,38,862,292.2609771757026,3909.816818957042,316.862912508576,3944.2065035608966,54.0,0.08630086574955662,-0.14167501450484193,0.08584600429574954,-0.14191409391728815,0.015436846713166804,0.051015812143064956
3823,41,862,461.8106926932424,4070.996636995212,316.862912508576,3944.2065035608966,54.0,0.08630086574955662,-0.8368766205753921,0.08584600429574954,-0.8355726999859039,0.015436846713166804,0.23645771349947922
3824,63,862,316.49031405012005,3929.154743051912,316.862912508576,3944.2065035608966,54.0,0.08630086574955662,-0.07811553327041884,0.08584600429574954,-0.07878918719784674,0.015436846713166804,0.027145819592896005
3825,39,862,491.6009153175041,3965.873607703836,316.862912508576,3944.2065035608966,54.0,0.08630086574955662,-0.8132175127162177,0.08584600429574954,-0.813721367405998,0.015436846713166804,0.2395425214827259
3826,44,863,470.9318574712719,4102.798680980681,268.7957598518551,3938.397485964539,54.0,0.08630086574955662,-0.8442992223843446,0.08584600429574954,-0.8396859345363109,0.015436846713166804,0.29907018150642184
3827,63,863,316.49031405012005,3929.154743051912,268.7957598518551,3938.397485964539,54.0,0.08630086574955662,-0.14311480578147312,0.08584600429574954,-0.1432158276518123,0.015436846713166804,0.05823095005158846
3828,25,863,275.18212912654,3848.067080065535,268.7957598518551,3938.397485964539,54.0,0.08630086574955662,-0.15605984260087116,0.08584600429574954,-0.14952457166888322,0.015436846713166804,0.06938788037322113
3829,22,863,282.91308227706304,4129.966613278081,268.7957598518551,3938.397485964539,54.0,0.08630086574955662,-0.7727921700326102,0.08584600429574954,-0.7607011566660552,0.015436846713166804,0.22120192032176614
3830,38,863,292.2609771757026,3909.816818957042,268.7957598518551,3938.397485964539,54.0,0.08630086574955662,-0.11481738758801446,0.08584600429574954,-0.1143913356343958,0.015436846713166804,0.04468054608092707
3831,53,863,275.4374088407163,3843.51011953928,268.7957598518551,3938.397485964539,54.0,0.08630086574955662,-0.17404429044234113,0.08584600429574954,-0.16755643164364054,0.015436846713166804,0.07657222677914577
3832,53,864,275.4374088407163,3843.51011953928,265.5810654443671,3915.0122178437146,54.0,0.08630086574955662,-0.1103274812255097,0.08584600429574954,-0.10384666256546102,0.015436846713166804,0.05105860010340272
3833,38,864,292.2609771757026,3909.816818957042,265.5810654443671,3915.0122178437146,54.0,0.08630086574955662,-0.10510115692000578,0.08584600429574954,-0.10442753272461575,0.015436846713166804,0.03453429400787828
3834,44,864,470.9318574712719,4102.798680980681,265.5810654443671,3915.0122178437146,54.0,0.08630086574955662,-1.0001581074445751,0.08584600429574954,-0.9965496084588065,0.015436846713166804,0.3203043270968898
3835,25,864,275.18212912654,3848.067080065535,265.5810654443671,3915.0122178437146,54.0,0.08630086574955662,-0.0905314307000221,0.08584600429574954,-0.08415507378012156,0.015436846713166804,0.043406053703857264
3836,63,864,316.49031405012005,3929.154743051912,265.5810654443671,3915.0122178437146,54.0,0.08630086574955662,-0.1867533917207809,0.08584600429574954,-0.1863794811599881,0.015436846713166804,0.06338325366325442
3837,38,865,292.2609771757026,3909.816818957042,315.679871493891,3931.668345406915,54.0,0.08630086574955662,-0.10101858723848049,0.08584600429574954,-0.10053591930237765,0.015436846713166804,0.03981451207061234
3838,53,865,275.4374088407163,3843.51011953928,315.679871493891,3931.668345406915,54.0,0.08630086574955662,-0.3191942188630934,0.08584600429574954,-0.3191244344587412,0.015436846713166804,0.11560393789690437
3839,63,865,316.49031405012005,3929.154743051912,315.679871493891,3931.668345406915,54.0,0.08630086574955662,-0.06081942407404959,0.08584600429574954,-0.061343919551146986,0.015436846713166804,0.02113527290331118
3840,25,865,275.18212912654,3848.067080065535,315.679871493891,3931.668345406915,54.0,0.08630086574955662,-0.29942837487754315,0.08584600429574954,-0.2990294817106034,0.015436846713166804,0.10763235301856973
3841,44,865,470.9318574712719,4102.798680980681,315.679871493891,3931.668345406915,54.0,0.08630086574955662,-0.9918903488984988,0.08584600429574954,-0.9907818542142363,0.015436846713166804,0.2781312836916332
3842,38,866,292.2609771757026,3909.816818957042,282.8109787262265,3934.715241609255,54.0,0.08630086574955662,-0.09235498395322533,0.08584600429574954,-0.09192780575336666,0.015436846713166804,0.03412129472922559
3843,44,866,470.9318574712719,4102.798680980681,282.8109787262265,3934.715241609255,54.0,0.08630086574955662,-0.9013621052662397,0.08584600429574954,-0.8980041558924321,0.015436846713166804,0.2903701481775482
3844,25,866,275.18212912654,3848.067080065535,282.8109787262265,3934.715241609255,54.0,0.08630086574955662,-0.30745811596641115,0.08584600429574954,-0.3076421898126026,0.015436846713166804,0.10112363976546422
3845,63,866,316.49031405012005,3929.154743051912,282.8109787262265,3934.715241609255,54.0,0.08630086574955662,-0.1127583510809649,0.08584600429574954,-0.11300838325215351,0.015436846713166804,0.0436356981006231
3846,53,866,275.4374088407163,3843.51011953928,282.8109787262265,3934.715241609255,54.0,0.08630086574955662,-0.3301174917559547,0.08584600429574954,-0.33056207219112826,0.015436846713166804,0.10943739059398264
3847,8,867,404.480912881415,4338.111065579622,438.81434760294826,4291.256191853341,54.0,0.08630086574955662,-0.3881041846082128,0.08584600429574954,-0.3858762263835295,0.015436846713166804,0.09210819835259038
3848,23,867,473.2888408458269,4304.725925046426,438.81434760294826,4291.256191853341,54.0,0.08630086574955662,-0.2437379708247704,0.08584600429574954,-0.2438100309659884,0.015436846713166804,0.04898431608286521
3849,30,867,625.9985091941669,4344.425799606012,438.81434760294826,4291.256191853341,54.0,0.08630086574955662,-0.8228381307122915,0.08584600429574954,-0.8159703765032327,0.015436846713166804,0.22225542712257457
3850,44,867,472.0029937650396,4104.126300266757,438.81434760294826,4291.256191853341,54.0,0.08630086574955662,-0.41411175254851484,0.08584600429574954,-0.39914592018541256,0.015436846713166804,0.15773780122254796
3851,8,868,404.480912881415,4338.111065579622,377.16969184701134,4276.396603589449,54.0,0.08630086574955662,-0.4207331982371574,0.08584600429574954,-0.41891739664270394,0.015436846713166804,0.11904943221086245
3852,44,868,472.0029937650396,4104.126300266757,377.16969184701134,4276.396603589449,54.0,0.08630086574955662,-0.47319363394413716,0.08584600429574954,-0.46107284511354546,0.015436846713166804,0.20742594203221168
3853,23,868,473.2888408458269,4304.725925046426,377.16969184701134,4276.396603589449,54.0,0.08630086574955662,-0.6265606304895515,0.08584600429574954,-0.6257663537706054,0.015436846713166804,0.14637642963237132
3854,30,869,625.9985091941669,4344.425799606012,427.0445354813797,4273.499297857495,54.0,0.08630086574955662,-0.9286965312806736,0.08584600429574954,-0.9216065308680744,0.015436846713166804,0.24333390544930283
3855,8,869,404.480912881415,4338.111065579622,427.0445354813797,4273.499297857495,54.0,0.08630086574955662,-0.45248626223859917,0.08584600429574954,-0.4511911970500344,0.015436846713166804,0.11002964143540307
3856,7,869,477.9085898257795,4404.037580305916,427.0445354813797,4273.499297857495,54.0,0.08630086574955662,-0.7284995241181873,0.08584600429574954,-0.7268470426981904,0.015436846713166804,0.18122185906058
3857,23,869,473.2888408458269,4304.725925046426,427.0445354813797,4273.499297857495,54.0,0.08630086574955662,-0.36760456420110765,0.08584600429574954,-0.36680132725760234,0.015436846713166804,0.07350989119230383
3858,44,869,472.0029937650396,4104.126300266757,427.0445354813797,4273.499297857495,54.0,0.08630086574955662,-0.32984342063298283,0.08584600429574954,-0.3169553424147564,0.015436846713166804,0.14587362013306346
3859,35,869,583.2192292927565,4207.570440686977,427.0445354813797,4273.499297857495,54.0,0.08630086574955662,-0.6609728390585731,0.08584600429574954,-0.6567857251012502,0.015436846713166804,0.2025239625202576
3860,44,870,472.0029937650396,4104.126300266757,448.2237718674139,4272.568389041,54.0,0.08630086574955662,-0.29069054723505267,0.08584600429574954,-0.27529047964283654,0.015436846713166804,0.12922503217026068
3861,30,870,625.9985091941669,4344.425799606012,448.2237718674139,4272.568389041,54.0,0.08630086574955662,-0.7883856754111355,0.08584600429574954,-0.781919939214052,0.015436846713166804,0.2143218877455556
3862,8,870,404.480912881415,4338.111065579622,448.2237718674139,4272.568389041,54.0,0.08630086574955662,-0.514283370055227,0.08584600429574954,-0.5112720678451085,0.015436846713166804,0.11873347405633959
3863,35,870,583.2192292927565,4207.570440686977,448.2237718674139,4272.568389041,54.0,0.08630086574955662,-0.5379283076397151,0.08584600429574954,-0.53337096368523,0.015436846713166804,0.1736055391887219
3864,23,870,473.2888408458269,4304.725925046426,448.2237718674139,4272.568389041,54.0,0.08630086574955662,-0.27884166085403744,0.08584600429574954,-0.2791563450093903,0.015436846713166804,0.05249091780767755
3865,23,871,475.28004377230593,4303.609752327396,446.8191658251622,4253.768504772488,54.0,0.08630086574955662,-0.3620656022612551,0.08584600429574954,-0.3618410392906465,0.015436846713166804,0.07298401945017759
3866,8,871,404.480912881415,4338.111065579622,446.8191658251622,4253.768504772488,54.0,0.08630086574955662,-0.582014909951908,0.08584600429574954,-0.5789865858936041,0.015436846713166804,0.1388301730225313
3867,41,871,461.8106926932424,4070.996636995212,446.8191658251622,4253.768504772488,54.0,0.08630086574955662,-0.3256329070023285,0.08584600429574954,-0.3117685756348231,0.015436846713166804,0.13997920670993783
3868,29,871,679.1344462972443,4226.875249913833,446.8191658251622,4253.768504772488,54.0,0.08630086574955662,-0.8736626068824407,0.08584600429574954,-0.865805634755751,0.015436846713166804,0.29015158806714214
3869,35,871,583.2192292927565,4207.570440686977,446.8191658251622,4253.768504772488,54.0,0.08630086574955662,-0.5194570075088527,0.08584600429574954,-0.5170843477879785,0.015436846713166804,0.17148523937192825
3870,43,871,630.0947010611478,4141.259609929846,446.8191658251622,4253.768504772488,54.0,0.08630086574955662,-0.8042007497492203,0.08584600429574954,-0.8007590893822985,0.015436846713166804,0.268423117884384
3871,30,871,625.9985091941669,4344.425799606012,446.8191658251622,4253.768504772488,54.0,0.08630086574955662,-0.7808420976692725,0.08584600429574954,-0.7727451916492595,0.015436846713166804,0.22107132691821244
3872,44,871,472.0029937650396,4104.126300266757,446.8191658251622,4253.768504772488,54.0,0.08630086574955662,-0.19941110833925044,0.08584600429574954,-0.18553191167028016,0.015436846713166804,0.10737712602710806
3873,41,872,461.8106926932424,4070.996636995212,411.9733803257818,4249.080345490381,54.0,0.08630086574955662,-0.42818517827550817,0.08584600429574954,-0.4164970234956992,0.015436846713166804,0.18656298910790903
3874,35,872,583.2192292927565,4207.570440686977,411.9733803257818,4249.080345490381,54.0,0.08630086574955662,-0.6247724629530094,0.08584600429574954,-0.6240789251827455,0.015436846713166804,0.21220463910406498
3875,44,872,472.0029937650396,4104.126300266757,411.9733803257818,4249.080345490381,54.0,0.08630086574955662,-0.24173687314465242,0.08584600429574954,-0.22775939398233433,0.015436846713166804,0.13421463177895218
3876,31,872,286.22286085268047,4096.016113555928,411.9733803257818,4249.080345490381,54.0,0.08630086574955662,-0.4754713267474161,0.08584600429574954,-0.464997555665572,0.015436846713166804,0.22378938216510827
3877,23,872,473.2888408458269,4304.725925046426,411.9733803257818,4249.080345490381,54.0,0.08630086574955662,-0.4925531718184052,0.08584600429574954,-0.49170388269384674,0.015436846713166804,0.10950432279516868
3878,30,872,625.9985091941669,4344.425799606012,411.9733803257818,4249.080345490381,54.0,0.08630086574955662,-0.9588764683550492,0.08584600429574954,-0.9509128046381153,0.015436846713166804,0.2674332534420339
3879,23,873,473.2888408458269,4304.725925046426,436.6238156529476,4249.314832035256,54.0,0.08630086574955662,-0.402223399156427,0.08584600429574954,-0.40171216083092903,0.015436846713166804,0.08483131670586573
3880,35,873,583.2192292927565,4207.570440686977,436.6238156529476,4249.314832035256,54.0,0.08630086574955662,-0.5352028129652447,0.08584600429574954,-0.5340241122677697,0.015436846713166804,0.18180437062246133
3881,30,873,625.9985091941669,4344.425799606012,436.6238156529476,4249.314832035256,54.0,0.08630086574955662,-0.83274489983995,0.08584600429574954,-0.8244243412236834,0.015436846713166804,0.235185005079788
3882,44,873,472.0029937650396,4104.126300266757,436.6238156529476,4249.314832035256,54.0,0.08630086574955662,-0.20581757834836029,0.08584600429574954,-0.1939083773920055,0.015436846713166804,0.11189201340470835
3883,43,874,630.0947010611478,4141.259609929846,443.0288497265207,4234.908068774709,54.0,0.08630086574955662,-0.7406421762423466,0.08584600429574954,-0.7351133531765579,0.015436846713166804,0.2551615390375284
3884,30,874,625.9985091941669,4344.425799606012,443.0288497265207,4234.908068774709,54.0,0.08630086574955662,-0.7764311403165256,0.08584600429574954,-0.7685387501092606,0.015436846713166804,0.23534978787660452
3885,35,874,583.2192292927565,4207.570440686977,443.0288497265207,4234.908068774709,54.0,0.08630086574955662,-0.5305389440794969,0.08584600429574954,-0.5295659047296777,0.015436846713166804,0.17127099051151742
3886,41,874,461.8106926932424,4070.996636995212,443.0288497265207,4234.908068774709,54.0,0.08630086574955662,-0.2778329653702564,0.08584600429574954,-0.2640001944257154,0.015436846713166804,0.12671602737681653
3887,23,874,480.563909942288,4300.709812869,443.0288497265207,4234.908068774709,54.0,0.08630086574955662,-0.37511445194581666,0.08584600429574954,-0.3747059137629364,0.015436846713166804,0.09263683919190045
3888,44,874,472.0029937650396,4104.126300266757,443.0288497265207,4234.908068774709,54.0,0.08630086574955662,-0.14971676256833832,0.08584600429574954,-0.13711020988249306,0.015436846713166804,0.09084257385102441
3889,35,875,583.2192292927565,4207.570440686977,435.8106676438648,4222.73374007691,54.0,0.08630086574955662,-0.4941786620867469,0.08584600429574954,-0.4895836112785186,0.015436846713166804,0.16982514408710966
3890,30,875,625.9985091941669,4344.425799606012,435.8106676438648,4222.73374007691,54.0,0.08630086574955662,-0.815681164903576,0.08584600429574954,-0.8085224884350131,0.015436846713166804,0.2534057667669635
3891,23,875,480.3038806903667,4300.821424093816,435.8106676438648,4222.73374007691,54.0,0.08630086574955662,-0.4237849877036524,0.08584600429574954,-0.42372678979556205,0.015436846713166804,0.11020790372909298
3892,43,875,630.0947010611478,4141.259609929846,435.8106676438648,4222.73374007691,54.0,0.08630086574955662,-0.6881728685703613,0.08584600429574954,-0.6782015277811293,0.015436846713166804,0.2517766506957373
3893,44,875,472.0029937650396,4104.126300266757,435.8106676438648,4222.73374007691,54.0,0.08630086574955662,-0.12432541009490351,0.08584600429574954,-0.11116957319920551,0.015436846713166804,0.08358381687332378
3894,31,875,286.22286085268047,4096.016113555928,435.8106676438648,4222.73374007691,54.0,0.08630086574955662,-0.47709477541845435,0.08584600429574954,-0.46776000179112975,0.015436846713166804,0.22190945895726438
3895,41,875,461.8106926932424,4070.996636995212,435.8106676438648,4222.73374007691,54.0,0.08630086574955662,-0.2932595456113579,0.08584600429574954,-0.2798282172660309,0.015436846713166804,0.13327862439947602
3896,29,875,679.1344462972443,4226.875249913833,435.8106676438648,4222.73374007691,54.0,0.08630086574955662,-0.8737775919567401,0.08584600429574954,-0.8648720742362341,0.015436846713166804,0.2961644821983603
3897,42,875,481.95797351825536,4104.321037374665,435.8106676438648,4222.73374007691,54.0,0.08630086574955662,-0.14920534859056328,0.08584600429574954,-0.13640388957244182,0.015436846713166804,0.09241243975267785
3898,23,876,473.2888408458269,4304.725925046426,416.0821692336259,4218.164004700096,54.0,0.08630086574955662,-0.5181654126834138,0.08584600429574954,-0.518125459472682,0.015436846713166804,0.13135961651400316
3899,44,876,472.0029937650396,4104.126300266757,416.0821692336259,4218.164004700096,54.0,0.08630086574955662,-0.1664199205870045,0.08584600429574954,-0.1535850824675313,0.015436846713166804,0.10241029715365324
3900,44,877,472.0029937650396,4104.126300266757,391.0018042011845,4213.433874649227,54.0,0.08630086574955662,-0.3175774998369535,0.08584600429574954,-0.30848404055792533,0.015436846713166804,0.1373848763318422
3901,23,877,473.2888408458269,4304.725925046426,391.0018042011845,4213.433874649227,54.0,0.08630086574955662,-0.579178211144355,0.08584600429574954,-0.5767652937453234,0.015436846713166804,0.15575521463286848
3902,42,877,481.95797351825536,4104.321037374665,391.0018042011845,4213.433874649227,54.0,0.08630086574955662,-0.31129143797130104,0.08584600429574954,-0.3005003007976613,0.015436846713166804,0.14011791334207632
3903,31,877,286.22286085268047,4096.016113555928,391.0018042011845,4213.433874649227,54.0,0.08630086574955662,-0.3526129895607144,0.08584600429574954,-0.3431956084857523,0.015436846713166804,0.1720775249403443
3904,23,878,473.2888408458269,4304.725925046426,400.6543211977099,4197.618852742186,54.0,0.08630086574955662,-0.5847786109880508,0.08584600429574954,-0.5836962720255872,0.015436846713166804,0.16396526678555137
3905,27,878,413.6607163277177,4126.933692479007,400.6543211977099,4197.618852742186,54.0,0.08630086574955662,-0.2963977401427387,0.08584600429574954,-0.2948255497036722,0.015436846713166804,0.09292845611780705
3906,44,878,472.0029937650396,4104.126300266757,400.6543211977099,4197.618852742186,54.0,0.08630086574955662,-0.2748365128037358,0.08584600429574954,-0.26711624312047755,0.015436846713166804,0.11536555328313824
3907,31,878,286.22286085268047,4096.016113555928,400.6543211977099,4197.618852742186,54.0,0.08630086574955662,-0.3551952651430481,0.08584600429574954,-0.3477207445421553,0.015436846713166804,0.16798235459152247
3908,41,878,461.8106926932424,4070.996636995212,400.6543211977099,4197.618852742186,54.0,0.08630086574955662,-0.4702191472551332,0.08584600429574954,-0.4656839211231616,0.015436846713166804,0.15763113873898027
3909,45,879,517.3116391169647,4113.7490927459785,420.8438581890216,4195.57911254482,54.0,0.08630086574955662,-0.21847510497133,0.08584600429574954,-0.20509007432297216,0.015436846713166804,0.09937378118098134
3910,35,879,583.2192292927565,4207.570440686977,420.8438581890216,4195.57911254482,54.0,0.08630086574955662,-0.47893271539878524,0.08584600429574954,-0.4721163035236948,0.015436846713166804,0.16781782792258548
3911,43,879,630.0947010611478,4141.259609929846,420.8438581890216,4195.57911254482,54.0,0.08630086574955662,-0.6144128146652377,0.08584600429574954,-0.603449347559596,0.015436846713166804,0.23625068621399908
3912,31,879,286.22286085268047,4096.016113555928,420.8438581890216,4195.57911254482,54.0,0.08630086574955662,-0.47363901021988986,0.08584600429574954,-0.4672096727034261,0.015436846713166804,0.1912831698730274
3913,44,879,472.0029937650396,4104.126300266757,420.8438581890216,4195.57911254482,54.0,0.08630086574955662,-0.1516133115450553,0.08584600429574954,-0.1411246470440024,0.015436846713166804,0.08361209784970051
3914,30,879,625.9985091941669,4344.425799606012,420.8438581890216,4195.57911254482,54.0,0.08630086574955662,-0.9145219554395057,0.08584600429574954,-0.9052979794727568,0.015436846713166804,0.2914037191091696
3915,23,879,480.9104487441829,4300.487032278314,420.8438581890216,4195.57911254482,54.0,0.08630086574955662,-0.4942843599115157,0.08584600429574954,-0.49199316998775333,0.015436846713166804,0.14727608471401818
3916,41,879,461.8106926932424,4070.996636995212,420.8438581890216,4195.57911254482,54.0,0.08630086574955662,-0.33782428129884207,0.08584600429574954,-0.32941839728986744,0.015436846713166804,0.13102960073304576
3917,37,880,628.569594659982,4182.409690156388,445.89422324985344,4248.614738828751,54.0,0.08630086574955662,-0.6479326460557926,0.08584600429574954,-0.6437693546934725,0.015436846713166804,0.2324281301820433
3918,29,880,679.1344462972443,4226.875249913833,445.89422324985344,4248.614738828751,54.0,0.08630086574955662,-0.8082132727924304,0.08584600429574954,-0.8005143680909984,0.015436846713166804,0.2887614116300392
3919,19,880,324.8153272931308,4135.979057138678,445.89422324985344,4248.614738828751,54.0,0.08630086574955662,-0.4296179730386321,0.08584600429574954,-0.4253071809370935,0.015436846713166804,0.1985657267210542
3920,30,880,625.9985091941669,4344.425799606012,445.89422324985344,4248.614738828751,54.0,0.08630086574955662,-0.7877078863319361,0.08584600429574954,-0.7793733191031778,0.015436846713166804,0.2239313501634063
3921,35,880,583.2192292927565,4207.570440686977,445.89422324985344,4248.614738828751,54.0,0.08630086574955662,-0.5003937533016327,0.08584600429574954,-0.49875472589804615,0.015436846713166804,0.1702754430900334
3922,16,880,510.22088537403255,4246.5421852479,445.89422324985344,4248.614738828751,54.0,0.08630086574955662,-0.18830553365401886,0.08584600429574954,-0.18625010957100435,0.015436846713166804,0.07349042266222296
3923,44,880,472.0029937650396,4104.126300266757,445.89422324985344,4248.614738828751,54.0,0.08630086574955662,-0.1809624127778724,0.08584600429574954,-0.16779032753122916,0.015436846713166804,0.10196368131303707
3924,30,881,625.9985091941669,4344.425799606012,435.11914917042,4235.955205541315,54.0,0.08630086574955662,-0.812426331464268,0.08584600429574954,-0.8045471186531262,0.015436846713166804,0.2422308367849484
3925,35,881,583.2192292927565,4207.570440686977,435.11914917042,4235.955205541315,54.0,0.08630086574955662,-0.5573566669891418,0.08584600429574954,-0.5567502334864283,0.015436846713166804,0.18096339192618724
3926,31,881,286.22286085268047,4096.016113555928,435.11914917042,4235.955205541315,54.0,0.08630086574955662,-0.4901047115117518,0.08584600429574954,-0.4815156078122179,0.015436846713166804,0.23223383214133486
3927,43,881,630.0947010611478,4141.259609929846,435.11914917042,4235.955205541315,54.0,0.08630086574955662,-0.7558528984009516,0.08584600429574954,-0.749950694778398,0.015436846713166804,0.2633434973597304
3928,29,881,679.1344462972443,4226.875249913833,435.11914917042,4235.955205541315,54.0,0.08630086574955662,-0.8421339390074147,0.08584600429574954,-0.8349153874625391,0.015436846713166804,0.30110920326945867
3929,19,881,324.8153272931308,4135.979057138678,435.11914917042,4235.955205541315,54.0,0.08630086574955662,-0.3733518945103257,0.08584600429574954,-0.3685334467060256,0.015436846713166804,0.17826653836846054
3930,22,881,301.6304881357929,4156.037775497009,435.11914917042,4235.955205541315,54.0,0.08630086574955662,-0.46647443152703794,0.08584600429574954,-0.46130300366508065,0.015436846713166804,0.19281514526251764
3931,44,881,472.0029937650396,4104.126300266757,435.11914917042,4235.955205541315,54.0,0.08630086574955662,-0.16498154432936316,0.08584600429574954,-0.15227323349855112,0.015436846713166804,0.09838464855296533
3932,23,881,474.06790899666265,4304.2794520946645,435.11914917042,4235.955205541315,54.0,0.08630086574955662,-0.4421869743208913,0.08584600429574954,-0.44249430004821183,0.015436846713166804,0.09973516940213058
3933,41,881,461.8106926932424,4070.996636995212,435.11914917042,4235.955205541315,54.0,0.08630086574955662,-0.3286641689296781,0.08584600429574954,-0.315192549775705,0.015436846713166804,0.14707437214252553
3934,16,881,510.22088537403255,4246.5421852479,435.11914917042,4235.955205541315,54.0,0.08630086574955662,-0.22728185565529388,0.08584600429574954,-0.22566299944004065,0.015436846713166804,0.08770454593538689
3935,19,882,324.8153272931308,4135.979057138678,425.9413030559138,4217.635551223826,54.0,0.08630086574955662,-0.3227689207700308,0.08584600429574954,-0.3178516985006594,0.015436846713166804,0.15528014869995882
3936,44,882,472.0029937650396,4104.126300266757,425.9413030559138,4217.635551223826,54.0,0.08630086574955662,-0.1420875685018454,0.08584600429574954,-0.12883694950806884,0.015436846713166804,0.09082248432970208
3937,35,882,583.2192292927565,4207.570440686977,425.9413030559138,4217.635551223826,54.0,0.08630086574955662,-0.5145770866462344,0.08584600429574954,-0.5092333513287233,0.015436846713166804,0.18086124253200567
3938,23,882,475.1069190047686,4303.721264987423,425.9413030559138,4217.635551223826,54.0,0.08630086574955662,-0.5019908121003457,0.08584600429574954,-0.5021828160804329,0.015436846713166804,0.12449008772871298
3939,16,882,510.22088537403255,4246.5421852479,425.9413030559138,4217.635551223826,54.0,0.08630086574955662,-0.24438876593201267,0.08584600429574954,-0.24039911041160192,0.015436846713166804,0.10235040519687467
3940,22,882,301.6304881357929,4156.037775497009,425.9413030559138,4217.635551223826,54.0,0.08630086574955662,-0.4002154878510096,0.08584600429574954,-0.3948979942404601,0.015436846713166804,0.17244577352494547
3941,44,883,472.0029937650396,4104.126300266757,438.4164680502774,4215.068249794143,54.0,0.08630086574955662,-0.10604253221727807,0.08584600429574954,-0.09351870079343892,0.015436846713166804,0.07397360103789657
3942,16,883,510.22088537403255,4246.5421852479,438.4164680502774,4215.068249794143,54.0,0.08630086574955662,-0.20204758992533403,0.08584600429574954,-0.19742116763979844,0.015436846713166804,0.08698765834662368
3943,41,883,461.8106926932424,4070.996636995212,438.4164680502774,4215.068249794143,54.0,0.08630086574955662,-0.26863922023156894,0.08584600429574954,-0.2554976567998395,0.015436846713166804,0.12162228837904254
3944,22,883,301.6304881357929,4156.037775497009,438.4164680502774,4215.068249794143,54.0,0.08630086574955662,-0.4227164596149342,0.08584600429574954,-0.4166604460916896,0.015436846713166804,0.18459008484526435
3945,35,883,583.2192292927565,4207.570440686977,438.4164680502774,4215.068249794143,54.0,0.08630086574955662,-0.4864727978406547,0.08584600429574954,-0.48209701383042664,0.015436846713166804,0.16611385314256905
3946,19,883,324.8153272931308,4135.979057138678,438.4164680502774,4215.068249794143,54.0,0.08630086574955662,-0.3694362257121533,0.08584600429574954,-0.36390017821405224,0.015436846713166804,0.1657937272016137
3947,43,883,630.0947010611478,4141.259609929846,438.4164680502774,4215.068249794143,54.0,0.08630086574955662,-0.6635491001788764,0.08584600429574954,-0.6537358392685633,0.015436846713166804,0.2440392763409194
3948,23,883,485.3312407692456,4298.036308618457,438.4164680502774,4215.068249794143,54.0,0.08630086574955662,-0.3600654810660356,0.08584600429574954,-0.3577262467415413,0.015436846713166804,0.11237427638126511
3949,37,883,628.569594659982,4182.409690156388,438.4164680502774,4215.068249794143,54.0,0.08630086574955662,-0.6377861464609725,0.08584600429574954,-0.6307464308315388,0.015436846713166804,0.2264925588556385
3950,64,884,251.14156651564912,4194.6094429104505,394.7738706108567,4205.194212624403,54.0,0.08630086574955662,-0.4558380933705973,0.08584600429574954,-0.4537755710920828,0.015436846713166804,0.19132528993445594
3951,31,884,286.22286085268047,4096.016113555928,394.7738706108567,4205.194212624403,54.0,0.08630086574955662,-0.35016415687689195,0.08584600429574954,-0.3417939612588262,0.015436846713166804,0.1686794225685581
3952,44,884,472.0029937650396,4104.126300266757,394.7738706108567,4205.194212624403,54.0,0.08630086574955662,-0.3003727253164906,0.08584600429574954,-0.29216063127756225,0.015436846713166804,0.12741438746446673
3953,19,884,324.8153272931308,4135.979057138678,394.7738706108567,4205.194212624403,54.0,0.08630086574955662,-0.2342316607223952,0.08584600429574954,-0.2298763943790512,0.015436846713166804,0.11456789346473566
3954,23,884,473.2888408458269,4304.725925046426,394.7738706108567,4205.194212624403,54.0,0.08630086574955662,-0.578844444728984,0.08584600429574954,-0.5769551957459256,0.015436846713166804,0.16021773134037548
3955,22,884,301.6304881357929,4156.037775497009,394.7738706108567,4205.194212624403,54.0,0.08630086574955662,-0.32242421151507816,0.08584600429574954,-0.3183768161836025,0.015436846713166804,0.13037487877531354
3956,22,885,301.6304881357929,4156.037775497009,428.2859587728415,4202.05740045784,54.0,0.08630086574955662,-0.41881802603744284,0.08584600429574954,-0.4136937780851369,0.015436846713166804,0.16834728523694903
3957,44,885,472.0029937650396,4104.126300266757,428.2859587728415,4202.05740045784,54.0,0.08630086574955662,-0.11360615701830297,0.08584600429574954,-0.10145082946754311,0.015436846713166804,0.0753201641644407
3958,45,885,517.3116391169647,4113.7490927459785,428.2859587728415,4202.05740045784,54.0,0.08630086574955662,-0.19965536121871735,0.08584600429574954,-0.18637758485062175,0.015436846713166804,0.09652614094252472
3959,16,885,510.22088537403255,4246.5421852479,428.2859587728415,4202.05740045784,54.0,0.08630086574955662,-0.22173545932138858,0.08584600429574954,-0.21493779837358512,0.015436846713166804,0.10197322574525582
3960,23,885,483.6841440753397,4299.038242766617,428.2859587728415,4202.05740045784,54.0,0.08630086574955662,-0.4232198140765658,0.08584600429574954,-0.4202935986337011,0.015436846713166804,0.1331012705637837
3961,19,885,324.8153272931308,4135.979057138678,428.2859587728415,4202.05740045784,54.0,0.08630086574955662,-0.3518652489025794,0.08584600429574954,-0.34760456141476553,0.015436846713166804,0.14782981969884462
3962,31,886,286.22286085268047,4096.016113555928,414.5220180223404,4194.72156940495,54.0,0.08630086574955662,-0.43576358159531475,0.08584600429574954,-0.4291341423178557,0.015436846713166804,0.18271769251010544
3963,43,886,630.0947010611478,4141.259609929846,414.5220180223404,4194.72156940495,54.0,0.08630086574955662,-0.6373766088661242,0.08584600429574954,-0.6262256565740596,0.015436846713166804,0.24347930824634714
3964,19,886,324.8153272931308,4135.979057138678,414.5220180223404,4194.72156940495,54.0,0.08630086574955662,-0.2944952075892291,0.08584600429574954,-0.29088824407101027,0.015436846713166804,0.12770514249937806
3965,23,886,476.4923827513901,4302.940239845585,414.5220180223404,4194.72156940495,54.0,0.08630086574955662,-0.5634385940400684,0.08584600429574954,-0.5622985863257579,0.015436846713166804,0.1560423171574417
3966,16,886,510.22088537403255,4246.5421852479,414.5220180223404,4194.72156940495,54.0,0.08630086574955662,-0.2765828939614168,0.08584600429574954,-0.26909577396041207,0.015436846713166804,0.12213092451323235
3967,44,886,472.0029937650396,4104.126300266757,414.5220180223404,4194.72156940495,54.0,0.08630086574955662,-0.19665874248224832,0.08584600429574954,-0.18740739663981254,0.015436846713166804,0.09486249540753897
3968,27,886,413.6607163277177,4126.933692479007,414.5220180223404,4194.72156940495,54.0,0.08630086574955662,-0.2800375590662889,0.08584600429574954,-0.2785920641928659,0.015436846713166804,0.08758417177709674
3969,22,886,301.6304881357929,4156.037775497009,414.5220180223404,4194.72156940495,54.0,0.08630086574955662,-0.36952485471005403,0.08584600429574954,-0.3651731434175728,0.015436846713166804,0.1485151321797746
3970,41,886,461.8106926932424,4070.996636995212,414.5220180223404,4194.72156940495,54.0,0.08630086574955662,-0.3907731023805005,0.08584600429574954,-0.38406309648017073,0.015436846713166804,0.14105940156010874
3971,35,886,583.2192292927565,4207.570440686977,414.5220180223404,4194.72156940495,54.0,0.08630086574955662,-0.5022738747738319,0.08584600429574954,-0.4950581605319396,0.015436846713166804,0.17603289466159164
3972,30,887,625.9985091941669,4344.425799606012,416.2556929545757,4313.9028901392985,54.0,0.08630086574955662,-0.8613860918863604,0.08584600429574954,-0.8522710560941801,0.015436846713166804,0.23482990144836757
3973,16,887,513.1636048475955,4263.301540421994,416.2556929545757,4313.9028901392985,54.0,0.08630086574955662,-0.522008668594254,0.08584600429574954,-0.5177588077797894,0.015436846713166804,0.13562371846268206
3974,44,887,472.0029937650396,4104.126300266757,416.2556929545757,4313.9028901392985,54.0,0.08630086574955662,-0.5943129984544641,0.08584600429574954,-0.5807596307476803,0.015436846713166804,0.20913579446706865
3975,32,887,334.71484028241383,4482.861045979598,416.2556929545757,4313.9028901392985,54.0,0.08630086574955662,-0.9201465055849696,0.08584600429574954,-0.9112001331453162,0.015436846713166804,0.30454322468004513
3976,19,887,313.8105789821288,4143.210879673134,416.2556929545757,4313.9028901392985,54.0,0.08630086574955662,-0.8220181616800524,0.08584600429574954,-0.8196083659060224,0.015436846713166804,0.27799746492592053
3977,23,887,473.2888408458269,4304.725925046426,416.2556929545757,4313.9028901392985,54.0,0.08630086574955662,-0.35294737710544544,0.08584600429574954,-0.35228755025007985,0.015436846713166804,0.08132230095519671
3978,22,887,301.6304881357929,4156.037775497009,416.2556929545757,4313.9028901392985,54.0,0.08630086574955662,-0.8523897504232953,0.08584600429574954,-0.850079721625475,0.015436846713166804,0.2844503363058997
3979,19,888,324.8153272931308,4135.979057138678,428.5710453250903,4289.332939439008,54.0,0.08630086574955662,-0.629779077707933,0.08584600429574954,-0.6243525100105839,0.015436846713166804,0.2341784269450625
3980,23,888,473.2888408458269,4304.725925046426,428.5710453250903,4289.332939439008,54.0,0.08630086574955662,-0.30848586225741303,0.08584600429574954,-0.3081148804195386,0.015436846713166804,0.06292492963274883
3981,22,888,301.6304881357929,4156.037775497009,428.5710453250903,4289.332939439008,54.0,0.08630086574955662,-0.7624776632624115,0.08584600429574954,-0.761345949982522,0.015436846713166804,0.25192341577868715
3982,16,888,513.1636048475955,4263.301540421994,428.5710453250903,4289.332939439008,54.0,0.08630086574955662,-0.3998455141425335,0.08584600429574954,-0.39565068887404903,0.015436846713166804,0.1027746931917467
3983,16,889,513.1636048475955,4263.301540421994,445.6080558911104,4284.859160068763,54.0,0.08630086574955662,-0.28633739988657303,0.08584600429574954,-0.2830462940662094,0.015436846713166804,0.07928602477384328
3984,16,890,513.1636048475955,4263.301540421994,461.25934481415896,4285.045081675647,54.0,0.08630086574955662,-0.1839053176914391,0.08584600429574954,-0.18116631080368722,0.015436846713166804,0.06127209218899656
3985,67,890,614.1933123417826,4407.07660776138,461.25934481415896,4285.045081675647,54.0,0.08630086574955662,-0.44061566340203473,0.08584600429574954,-0.42388912264536105,0.015436846713166804,0.17570404911415718
3986,23,891,473.2888408458269,4304.725925046426,413.44368953224784,4276.820130489507,54.0,0.08630086574955662,-0.43167015677853077,0.08584600429574954,-0.4308838448723457,0.015436846713166804,0.09024122523799127
3987,22,891,301.6304881357929,4156.037775497009,413.44368953224784,4276.820130489507,54.0,0.08630086574955662,-0.6420480784881443,0.08584600429574954,-0.6411510863819141,0.015436846713166804,0.22443674224122243
3988,16,891,512.3856951040117,4258.972788468116,413.44368953224784,4276.820130489507,54.0,0.08630086574955662,-0.4014686473690424,0.08584600429574954,-0.39698113566844806,0.015436846713166804,0.11900975667039129
3989,35,891,583.2192292927565,4207.570440686977,413.44368953224784,4276.820130489507,54.0,0.08630086574955662,-0.7460634618328564,0.08584600429574954,-0.7421538556568621,0.015436846713166804,0.22374307759464046
3990,44,891,472.0029937650396,4104.126300266757,413.44368953224784,4276.820130489507,54.0,0.08630086574955662,-0.3800074668001623,0.08584600429574954,-0.3673118911293125,0.015436846713166804,0.1651063173113437
3991,19,891,323.32829666696733,4136.898408998256,413.44368953224784,4276.820130489507,54.0,0.08630086574955662,-0.530523541449608,0.08584600429574954,-0.5263779115983156,0.015436846713166804,0.2099425048830837
3992,44,892,472.0029937650396,4104.126300266757,391.8808158955226,4258.73653007643,54.0,0.08630086574955662,-0.3438958856782938,0.08584600429574954,-0.33105271841224154,0.015436846713166804,0.16863306859828484
3993,23,892,473.2888408458269,4304.725925046426,391.8808158955226,4258.73653007643,54.0,0.08630086574955662,-0.5694169505721995,0.08584600429574954,-0.5687232928000749,0.015436846713166804,0.12932394352528928
3994,19,892,316.0774241994025,4141.606387672634,391.8808158955226,4258.73653007643,54.0,0.08630086574955662,-0.44331519870882186,0.08584600429574954,-0.44092910767205784,0.015436846713166804,0.1791275970915701
3995,16,892,510.22088537403255,4246.5421852479,391.8808158955226,4258.73653007643,54.0,0.08630086574955662,-0.5340697934578399,0.08584600429574954,-0.5313871366712328,0.015436846713166804,0.15150385733351746
3996,64,892,251.14156651564912,4194.6094429104505,391.8808158955226,4258.73653007643,54.0,0.08630086574955662,-0.5010382977012553,0.08584600429574954,-0.4958058811481058,0.015436846713166804,0.22333621456934188
3997,22,892,301.6304881357929,4156.037775497009,391.8808158955226,4258.73653007643,54.0,0.08630086574955662,-0.5001829350757749,0.08584600429574954,-0.4990876829175369,0.015436846713166804,0.18545966855473703
3998,23,893,473.2888408458269,4304.725925046426,411.930196078557,4249.125208015304,54.0,0.08630086574955662,-0.49277569725785747,0.08584600429574954,-0.4919283819402792,0.015436846713166804,0.1095326163928932
3999,19,893,324.8153272931308,4135.979057138678,411.930196078557,4249.125208015304,54.0,0.08630086574955662,-0.3592910742431235,0.08584600429574954,-0.3528748797093798,0.015436846713166804,0.16918163199016029
4000,44,893,472.0029937650396,4104.126300266757,411.930196078557,4249.125208015304,54.0,0.08630086574955662,-0.2419389421675774,0.08584600429574954,-0.22796184554246615,0.015436846713166804,0.13430137719358082
4001,30,893,625.9985091941669,4344.425799606012,411.930196078557,4249.125208015304,54.0,0.08630086574955662,-0.9594086982813147,0.08584600429574954,-0.9514500530157146,0.015436846713166804,0.2674907406260327
4002,31,893,286.22286085268047,4096.016113555928,411.930196078557,4249.125208015304,54.0,0.08630086574955662,-0.47560509871536555,0.08584600429574954,-0.4651387240623148,0.015436846713166804,0.2238185198167265
4003,22,893,301.6304881357929,4156.037775497009,411.930196078557,4249.125208015304,54.0,0.08630086574955662,-0.4908880207120855,0.08584600429574954,-0.48886503729779446,0.015436846713166804,0.18479191052534547
4004,35,893,583.2192292927565,4207.570440686977,411.930196078557,4249.125208015304,54.0,0.08630086574955662,-0.6248547115272969,0.08584600429574954,-0.6241595033830634,0.015436846713166804,0.2122643689012167
4005,41,893,461.8106926932424,4070.996636995212,411.930196078557,4249.125208015304,54.0,0.08630086574955662,-0.42839414618274,0.08584600429574954,-0.4167089606797015,0.015436846713166804,0.18664730080669517
4006,16,893,510.22088537403255,4246.5421852479,411.930196078557,4249.125208015304,54.0,0.08630086574955662,-0.2990864827336719,0.08584600429574954,-0.29770835892742936,0.015436846713166804,0.11568911209462532
4007,31,894,286.22286085268047,4096.016113555928,423.6141353116863,4253.411593782615,54.0,0.08630086574955662,-0.5100332860041091,0.08584600429574954,-0.499105736997251,0.015436846713166804,0.23670215085427276
4008,22,894,301.6304881357929,4156.037775497009,423.6141353116863,4253.411593782615,54.0,0.08630086574955662,-0.5291014151648569,0.08584600429574954,-0.5263752754131021,0.015436846713166804,0.19909156659642194
4009,23,894,473.2888408458269,4304.725925046426,423.6141353116863,4253.411593782615,54.0,0.08630086574955662,-0.43032893566113306,0.08584600429574954,-0.42938330524022167,0.015436846713166804,0.09224132924080304
4010,44,894,472.0029937650396,4104.126300266757,423.6141353116863,4253.411593782615,54.0,0.08630086574955662,-0.2439022736943468,0.08584600429574954,-0.2315347242657332,0.015436846713166804,0.1268478594844767
4011,16,894,510.22088537403255,4246.5421852479,423.6141353116863,4253.411593782615,54.0,0.08630086574955662,-0.3479142805656199,0.08584600429574954,-0.34503247488705574,0.015436846713166804,0.10421570176962237
4012,41,894,461.8106926932424,4070.996636995212,423.6141353116863,4253.411593782615,54.0,0.08630086574955662,-0.4275263789329083,0.08584600429574954,-0.4158170667024045,0.015436846713166804,0.18143214170281977
4013,30,894,625.9985091941669,4344.425799606012,423.6141353116863,4253.411593782615,54.0,0.08630086574955662,-0.8960986685818676,0.08584600429574954,-0.8880675705517104,0.015436846713166804,0.250006166581258
4014,19,894,324.8153272931308,4135.979057138678,423.6141353116863,4253.411593782615,54.0,0.08630086574955662,-0.39537302475333946,0.08584600429574954,-0.3887744521315787,0.015436846713166804,0.18255404215681106
4015,35,894,583.2192292927565,4207.570440686977,423.6141353116863,4253.411593782615,54.0,0.08630086574955662,-0.5991482634865769,0.08584600429574954,-0.5976246036737838,0.015436846713166804,0.19917267545803927
